300.1213	11.65453	941.1514	14084.93
300.2714	10.76587	704.1349	12569.4
300.4216	9.944973	647.3714	12360.37
300.5719	9.186669	595.1839	12522.57
300.7222	8.486185	547.2035	12359.44
300.8726	7.839113	503.091	11815.28
301.0231	7.24138	462.5346	11246.88
301.1736	6.689225	425.2476	10988.1
301.3243	6.179171	390.9665	11140.57
301.475	5.708009	359.4489	11584.21
301.6257	5.272773	330.4721	12142.78
301.7766	4.870724	303.8313	12806.71
301.9275	4.499331	279.3381	13605.75
302.0785	4.156257	256.8194	14238.46
302.2296	3.839342	236.116	14280.46
302.3808	3.546592	217.0817	13853.55
302.532	3.276164	244.4123	13619.37
302.6833	3.026357	299.552	13960.96
302.8347	2.795597	349.7129	14424.93
302.9862	2.582433	357.5746	14142.96
303.1377	2.385522	312.212	12799.41
303.2893	2.203626	243.1265	10962.92
303.441	2.035599	151.4212	9375.338
303.5928	1.880385	156.9076	8259.702
303.7446	1.737005	162.5929	7469.246
303.8965	1.604559	168.4841	6948.964
304.0485	1.482211	174.5889	6759.229
304.2006	1.369192	180.9148	6747.032
304.3527	1.264791	187.4699	6499.139
304.505	1.168351	194.2625	5787.632
304.6572	1.079264	201.3013	4909.034
304.8096	0.9969702	208.5951	4382.906
304.9621	0.9209512	216.1531	4407.716
305.1146	0.8507287	223.9851	4762.453
305.2672	0.7858606	232.1007	5157.799
305.4199	0.7259387	240.5105	5524.733
305.5726	0.6705858	249.225	5934.364
305.7255	0.6194536	258.2552	6343.937
305.8784	0.5722203	267.6126	6612.001
306.0313	0.5285884	277.309	6830.633
306.1844	0.4882836	287.3568	7453.581
306.3375	0.4510519	297.7687	8923.564
306.4908	0.4166592	308.5578	11158
306.644	0.3848889	319.7378	13456.44
306.7974	0.3555411	331.323	15199.77
306.9509	0.3284311	343.3278	16726.28
307.1044	0.3033882	429.8641	19080.62
307.258	6.42552	1245.703	22817.6
307.4116	14.06472	2152.578	27594.29
307.5654	24.37705	3145.733	32801.58
307.7192	34.13136	3771.887	37386.6
307.8731	39.76907	3753.703	39030.1
308.0271	39.57736	3219.133	35688.61
308.1812	34.03995	2531.264	28728.51
308.3353	25.08222	1942.409	22576.97
308.4895	15.44296	1468.688	20722.63
308.6438	7.778805	1048.898	22920.78
308.7982	3.305742	695.4238	25705.88
308.9526	1.453011	461.4832	25403.75
309.1071	0.9605502	370.4139	21483.31
309.2617	0.9254947	297.3163	16826.07
309.4164	1.214905	365.1703	14771.76
309.5712	1.50699	593.6635	16769.3
309.726	1.869297	879.7006	22402.23
309.8809	2.318708	1245.313	30365.32
310.0359	4.111931	1619.039	38832.72
310.1909	6.872741	1896.466	45343.23
310.3461	9.833032	2021.846	48366.15
310.5013	12.14753	2088.433	49707.53
310.6566	6.809037	2258.984	53059.58
310.812	8.44605	2607.029	60089.3
310.9674	16.54729	3141.702	70067.56
311.1229	19.2292	3877.369	81731.04
311.2785	23.78447	4808.07	94161.84
311.4342	33.28899	6022.798	108950.4
311.59	53.81656	7878.177	131928.6
311.7458	88.72005	10595.54	166613.7
311.9017	127.0594	13374.58	202694.6
312.0577	144.6097	14548.78	219886.1
312.2138	128.2112	13329.41	209870
312.37	92.42256	10773.82	185263.4
312.5262	61.51699	8495.698	163227.6
312.6825	45.08781	7170.67	150053.7
312.8389	37.88443	6463.675	140866.1
312.9954	32.59767	5702.839	126580.6
313.1519	26.81748	4582.911	103932.5
313.3085	21.79966	3405.291	79851.19
313.4652	18.82773	2612.639	63239.02
313.622	17.76376	2342.29	57166.91
313.7789	18.0107	2548.308	61332.06
313.9358	19.19312	3158.936	74407.05
314.0928	20.72291	3903.766	90139.22
314.2499	21.50911	4273.604	97274.95
314.4071	20.86642	3929.524	88834.74
314.5643	19.33991	3050.958	69227.95
314.7216	9.24908	2118.594	48960.58
314.879	7.336239	1460.112	34798.51
315.0365	5.819001	1110.821	27195.57
315.1941	4.615549	840.3936	23763.17
315.3517	12.25705	818.1452	22301.3
315.5095	2.903844	867.0234	21671.04
315.6673	2.303288	819.4927	21629.9
315.8251	1.826935	759.5628	22329.59
315.9831	1.449099	703.5666	23757.22
316.1411	1.149405	715.4325	25338.1
316.2992	0.9116916	696.4923	26174.86
316.4574	0.7231409	678.0536	26000.33
316.6157	0.5735851	900.8535	25546.17
316.7741	0.5120263	1168.586	25344.27
316.9325	0.5462362	1472.216	24721.39
317.091	0.5827318	1695.315	22965.24
317.2496	0.6216658	1101.721	20557.1
317.4083	0.6632011	1592.358	18251.76
317.567	0.7075114	1255.972	16049.3
317.7259	0.7547823	839.2042	13713.99
317.8848	0.8052114	481.6998	11449.43
318.0437	0.8590099	238.6767	8030.541
318.2028	0.9164028	175.7752	8395.719
318.362	0.9776303	132.3007	7557.177
318.5212	1.042949	137.6179	7180.856
318.6805	1.112631	143.1488	6495.825
318.8399	1.186969	144.2022	8966.659
318.9993	1.266274	155.8775	11045.5
319.1589	1.350877	170.1267	13121.65
319.3185	1.441133	189.2643	14807.7
319.4782	1.537419	174.3218	16532.65
319.638	1.640139	348.2746	19229.69
319.7979	1.749721	664.0965	23602.43
319.9578	52.42567	1432.878	30340.74
320.1178	110.7657	3015.863	41642.6
320.2779	186.4904	5541.036	60746.12
320.4381	252.4313	8339.928	86174.9
320.5984	275.5909	9977.378	107117.7
320.7587	242.2683	9426.25	110446.8
320.9192	172.2865	7215.687	94076.51
321.0797	101.3545	4954.816	69188.15
321.2403	52.34807	3875.508	50070.7
321.4009	29.435	4211.248	46873
321.5617	30.05764	5635.365	65353.85
321.7225	53.98826	7803.92	105072.5
321.8834	103.1901	10492	156283.7
322.0444	171.5941	13377.11	203925.7
322.2055	232.744	15704.86	235725.4
322.3666	250.277	16382.52	244864.9
322.5278	212.8455	14834.62	229634.2
322.6892	146.7347	11629.5	194641.6
322.8505	85.98184	8018.123	151113.8
323.012	45.19625	5132.525	113817.6
323.1736	22.97426	3522.614	93510.01
323.3352	14.20593	3023.619	90291.02
323.4969	14.52754	3061.434	96104.87
323.6587	21.73246	3216.5	103127.4
323.8206	38.83821	3547.444	108868.2
323.9825	75.14061	4507.654	116338.7
324.1446	136.0225	6439.678	130230.5
324.3067	203.5557	8749.543	148188.8
324.4689	237.4478	9876.827	157077.2
324.6312	212.9751	8835.768	145466.2
324.7935	148.8956	6403.291	117473.3
324.956	83.63659	4122.724	87476.47
325.1185	39.08754	2772.073	65835.3
325.2811	2.811256	2219.36	54020.31
325.4438	2.448463	2070.24	48513.32
325.6066	3.126105	2351.352	45732.14
325.7694	3.991294	2516.023	44144.89
325.9324	5.095934	2692.228	43472.79
326.0954	6.506297	2880.772	43397.28
326.2585	8.306996	3082.52	43502.62
326.4216	10.60606	3298.398	43772.25
326.5849	13.54142	3529.393	44642.39
326.7482	17.28918	3776.567	46508.14
326.9117	22.07417	4041.05	49147.61
327.0752	28.18347	4324.056	51708.05
327.2387	35.9836	4626.882	53509.05
327.4024	45.94251	4950.915	54749.53
327.5662	58.65767	5297.641	56059.67
327.73	74.89191	5668.65	57563.67
327.8939	95.61918	6065.641	58837.42
328.0579	122.083	6490.435	60551.04
328.222	155.871	6944.978	64098.26
328.3861	199.0102	7410.971	67853.29
328.5504	217.4551	7899.786	71828.3
328.7147	234.0076	8420.843	76036.17
328.8791	251.8201	8976.267	80490.56
329.0436	270.9885	9568.326	85205.88
329.2082	291.6159	10199.44	90197.45
329.3728	313.8135	10872.17	115212.4
329.5375	337.7008	14086.54	101075
329.7024	461.4785	12353.69	106996.2
329.8672	525.9517	13168.52	113264.3
330.0322	420.8364	14037.1	119899.6
330.1973	452.8702	14962.96	126923.6
330.3624	487.3423	18083.42	160015.3
330.5277	589.4035	19594.15	184585.8
330.693	604.2367	21652.35	213748.3
330.8584	625.1592	23821.02	238842.3
331.0239	647.775	25750.62	255132.5
331.1894	668.8382	27416.87	264650.6
331.3551	695.0925	28986.73	271893.3
331.5208	822.0229	30613.01	279585.3
331.6866	851.539	32387.07	288748.2
331.8525	1005.081	34411.36	300377.7
332.0185	1168.656	36845.16	315880.5
332.1845	1293.409	39767.33	336380.1
332.3506	1205.634	42958.93	361555.8
332.5169	1301.612	46035.39	389204
332.6832	1428.875	48865.2	416619.8
332.8496	1471.045	51592.78	442192.1
333.016	1522.643	54208	465163.4
333.1826	1570.686	56415.47	484748.2
333.3492	1606.008	57989.14	500131.7
333.516	1628.879	58986.39	510883.4
333.6828	1643.886	59596.81	517253.7
333.8497	1654.806	59979.11	520246.1
334.0166	1663.783	60238.15	521207.1
334.1837	1671.959	60440.05	521222.2
334.3508	1679.866	60618.62	520883.2
334.518	1687.69	60786.39	520427.6
334.6853	1695.462	60946.32	519956.9
334.8527	1703.171	61099.85	519628.7
335.0202	1710.803	61249.29	519745.8
335.1878	1718.182	61390.32	520519.5
335.3554	1724.6	61488.54	521500.9
335.5231	1728.601	61463.91	521309.4
335.691	1728.507	61225.35	518255.8
335.8588	1723.148	60726.22	511364.8
336.0268	1711.85	59963.55	500789
336.1949	1694.587	58961.77	487689.7
336.363	1674.161	57869.75	474637.9
336.5313	1659.012	57102.66	466324.7
336.6996	1661.317	57211.89	467950.2
336.868	1686.478	58358.9	480188.5
337.0365	1721.086	59864.27	495241
337.205	1735.108	60463.51	500217.1
337.3737	1702.531	59204.38	486690
337.5424	1622.942	56231.9	457599
337.7112	1518.313	52542.53	423465.2
337.8801	1403.78	48715.59	390618.7
338.0491	1275.517	44397.72	356179.6
338.2182	1138.273	39489	316583.7
338.3873	1018.464	34839.18	274941.8
338.5566	930.6333	31128.75	236796.3
338.7259	855.6177	28018.77	204528.9
338.8953	770.1248	24917.53	178263.9
339.0648	679.2748	21866.33	157759
339.2344	605.5048	19267.83	142176.6
339.4041	560.2618	17265.21	130793.8
339.5738	537.507	15744.05	123824.9
339.7437	413.064	14623.48	120918.8
339.9136	377.532	13853.76	119675.4
340.0836	457.035	13255.4	116726
340.2537	386.2762	12596.6	110387
340.4239	304.5417	11815.69	101845.9
340.5941	263.4509	11049.76	93813.54
340.7645	240.7887	10473.42	88845.98
340.9349	220.076	10178.66	88439.82
341.1054	201.1449	10132.44	91824.75
341.276	183.8424	10195.99	95895.74
341.4467	167.6423	10224.25	97403.46
341.6175	152.2033	10132.58	94124.88
341.7883	138.1862	9896.018	84894.62
341.9593	125.4599	9574.099	71405.85
342.1303	113.9057	7764.726	58360.04
342.3014	103.4156	7219.524	49560.97
342.4726	93.89156	6712.604	43232.96
342.6439	85.24463	7866.134	43112.58
342.8153	77.39404	6725.998	43216.11
342.9867	70.26645	5453.799	42957.08
343.1583	63.79527	4438.191	42755.61
343.3299	57.92006	4664.481	42703.53
343.5016	52.58592	4336.964	42515.7
343.6734	47.74303	4032.444	42397.32
343.8453	43.34614	3669.297	45050.6
344.0173	39.35419	3667.108	45972.8
344.1893	35.72987	3605.095	46306.39
344.3615	32.43933	3563.783	46046.76
344.5337	29.45184	4064.475	45005.04
344.706	26.73947	4134.228	43236.36
344.8784	24.27691	4876.725	41892.79
345.0509	22.04113	5726.264	42558.5
345.2235	20.01126	6423.606	46007.74
345.3961	18.16832	5839.682	51814.23
345.5689	16.49511	6915.553	58043.69
345.7417	14.976	6578.953	61366.06
345.9146	13.59679	5782.148	59105.58
346.0877	12.34459	4741.798	51648.35
346.2607	11.20772	1796.724	41777.21
346.4339	10.17555	1335.894	32008.68
346.6072	9.238431	2394.317	23763.46
346.7805	8.387619	1671.367	17834.4
346.954	7.615163	996.1472	14154.99
347.1275	6.913846	408.2573	11886.76
347.3011	6.277116	303.546	10471.86
347.4748	5.699026	225.6914	10230.16
347.6486	5.174175	179.208	11844.34
347.8225	4.69766	444.1028	15653.14
347.9964	4.26503	749.5995	21492.84
348.1705	3.872243	1130.647	28770
348.3446	3.515629	1462.973	36363.37
348.5189	3.191858	1655.293	42651.52
348.6932	2.897904	1708.388	46117.76
348.8676	2.631022	1673.677	46137.83
349.042	2.388719	1585.11	43049.11
349.2166	2.16873	1436.293	37663.93
349.3913	1.969001	1212.54	31079.22
349.566	1.787666	941.9431	24648.01
349.7409	1.623032	697.8122	19455.68
349.9158	1.473559	481.4802	15650.16
350.0908	1.337852	418.9791	12608.38
350.2659	1.214642	397.2638	9853.921
350.4411	1.10278	376.6741	7545.671
350.6163	1.00122	357.1514	4737.209
350.7917	0.9090125	338.6406	4540.939
350.9671	0.8252972	321.0893	4352.801
351.1427	0.7492916	304.4475	4172.457
351.3183	0.6802857	288.6683	3999.586
351.494	0.6176349	273.707	4512.68
351.6698	0.5607539	259.521	3675.033
351.8457	0.5091114	246.0703	3522.77
352.0217	0.4622248	233.3168	3376.816
352.1977	0.4196563	221.2242	3236.909
352.3739	0.3810081	209.7584	3102.799
352.5501	0.3459193	198.8868	2974.245
352.7264	0.3140619	188.5787	2851.017
352.9028	0.2851384	178.8049	2732.895
353.0793	0.2588786	169.5376	2619.667
353.2559	0.2350372	160.7507	2876.254
353.4326	0.2133915	152.4191	3288.534
353.6094	0.1937393	178.7493	3676.212
353.7862	0.5269502	270.6381	4901.231
353.9632	73.42597	459.0315	6936.773
354.1402	146.8858	887.1553	10977.97
354.3173	233.4137	1785.312	6425.066
354.4945	305.0814	3234.927	33913.76
354.6718	335.7991	4686.699	48477.47
354.8492	310.828	5109.404	52854.08
355.0267	236.2929	4099.347	42912.6
355.2043	143.0527	2422.146	26241.29
355.3819	67.26227	1084.021	12898.95
355.5597	24.31275	404.4013	3116.516
355.7375	6.969409	160.2967	3787.595
355.9154	1.919329	89.34725	3170.016
356.0934	0.6565109	68.80378	3022.493
356.2715	0.716259	63.20584	2967.397
356.4497	0.7814448	72.617	2949.838
356.628	0.852563	83.42947	3100.674
356.8064	0.9301536	95.85187	3439.293
356.9848	1.014806	110.1239	3814.891
357.1633	1.107162	126.5211	4231.509
357.342	1.207923	145.3597	4693.624
357.5207	1.317855	167.0034	5206.206
357.6995	1.437791	191.8697	5774.766
357.8784	1.568642	220.4385	6405.418
358.0574	1.711402	585.8393	10987.09
358.2365	1.867154	290.971	12887.34
358.4157	2.037082	334.2958	8741.514
358.5949	2.222474	384.0715	9696.159
358.7743	2.424738	441.2586	10755.06
358.9537	2.64541	506.9608	11929.6
359.1332	2.886165	888.4949	19833.02
359.3129	3.148831	1017.714	22158.73
359.4926	3.435402	1132.318	22497.32
359.6724	4.987906	1278.765	20959.81
359.8522	34.2962	1551.09	19292.95
360.0322	60.91152	1965.552	18837.63
360.2123	89.07578	2413.001	19548.18
360.3924	108.1129	2744.532	20739.24
360.5727	109.9959	2875.958	22034.94
360.753	93.94237	2811.194	23531.33
360.9335	67.26275	2570.28	25036.08
361.114	41.3867	2148.149	25464.55
361.2946	10.78969	1630.634	23692.75
361.4753	14.2019	1294.96	19931.2
361.6561	22.00942	1478.51	15804.28
361.837	86.12746	2322.563	13345.18
362.0179	145.464	3623.101	14085.47
362.199	206.4882	4954.403	18409.84
362.3801	255.8526	6003.37	25020.17
362.5614	294.5834	6796.845	31758.95
362.7427	342.6673	7836.09	39519.09
362.9241	445.1733	10414.21	56999.9
363.1057	666.3504	16475.9	98715.46
363.2873	1028.361	26614.02	169432.4
363.469	1421.361	37455.71	246021.8
363.6507	1645.25	43350.82	288803.4
363.8326	1629.247	42714.53	286000.7
364.0146	1521.655	39893.6	269368.8
364.1966	1463.893	38590.5	266929.5
364.3788	1404.874	37173.42	264777.9
364.561	1246.491	32966.59	238141.9
364.7434	1046.006	27660.73	196342.8
364.9258	977.8397	26011.84	176448.3
365.1083	1146.991	30651.43	203398.9
365.2909	1458.592	38786.13	261302.6
365.4736	1670.164	43947.96	302550.3
365.6564	1616.225	42018.35	293220.3
365.8393	1351.826	34727.23	243188.7
366.0223	1039.562	26415.9	184012.1
366.2053	792.372	19904.98	137032.8
366.3885	674.0495	16718.26	113533.6
366.5717	727.8164	18038.14	122091.9
366.7551	915.8103	23062.8	157480
366.9385	1083.187	27774.53	191465.4
367.122	1067.624	27727.73	192390.1
367.3056	851.4954	22316.04	155897
367.4893	561.7431	14925.47	106207
367.6731	332.8722	9108.666	68955.91
367.857	217.7875	6017.118	52636.73
368.041	146.63	5098.297	52908.65
368.2251	304.0886	5832.815	64898.24
368.4092	490.743	8494.998	88790.11
368.5935	755.3497	13756.43	127218.7
368.7778	1052.492	21210.42	176735.6
368.9623	1290.165	27880.38	219537.7
369.1468	1363.823	29648.59	231191.4
369.3314	1262.542	25576.56	205779.5
369.5162	1096.334	19171.56	164498.5
369.701	977.6106	14638.42	134687.8
369.8859	927.8558	13762.57	131153
370.0709	904.0087	15944.36	152533.9
370.256	862.8142	19163.82	182207.1
370.4411	804.6989	21616.49	201533.3
370.6264	780.0527	23587.5	210917.4
370.8118	836.304	26517.49	224422.2
370.9972	960.2062	30094.47	242437.4
371.1828	1113.439	32703.4	252317.2
371.3684	1312.131	34815.23	256887.2
371.5542	1599.765	38853.23	275790.1
371.74	1953.865	45589.23	316729.7
371.9259	2309.997	53727.29	370066.7
372.112	2664.333	62779.26	431049.9
372.2981	3057.016	73309.05	503515.7
372.4843	3471.597	84578.54	582159.4
372.6706	3830.749	94340.51	650025.2
372.8569	4073.157	100804.6	693634.9
373.0434	4190.132	103653.1	710932.4
373.23	4209.546	103634.6	707409.6
373.4167	4178.996	102147.8	692021.8
373.6034	4156.178	100983.2	675504.3
373.7903	4179.691	101373.8	665538.8
373.9772	4235.033	102907.8	659138.8
374.1643	4261.519	103794.3	642002
374.3514	4198.478	102315.5	603001.8
374.5386	4037.929	98257.83	553038.9
374.726	3857.611	93638.33	523029.2
374.9134	3779.352	91567.74	536246.5
375.1009	3841.309	93010.25	582746.2
375.2885	3916.947	94742.04	622967
375.4762	3803.75	91651.85	617024.9
375.664	3397.435	81269.53	552724.4
375.8519	2772.622	65802.2	450352.1
376.0399	2115.938	50063.94	344471.3
376.2279	1603.101	37837.9	260911
376.4161	1322.441	30232.95	208154.7
376.6044	1275.155	27065.54	185896.8
376.7927	1413.816	28538.61	194468.2
376.9812	1651.805	33985.64	227711.5
377.1697	1845.111	39438.63	259145
377.3584	1851.607	39530.56	254864.4
377.5471	1655.445	32989.31	209529.2
377.7359	1371.451	23981.14	153801
377.9248	1126.668	17907.64	123321.1
378.1139	1007.475	17998.31	136589.7
378.303	1060.913	24557.58	195019.4
378.4922	1231.503	34167.16	277832.1
378.6815	1333.774	40261.23	338652.1
378.8709	1210.137	38069.35	336183.1
379.0604	903.9594	29297.75	275266.3
379.2499	589.6302	19846.62	200013.8
379.4396	381.3474	13798.5	147579.2
379.6294	276.3794	11103.14	122058.5
379.8193	223.1613	9751.928	108403.3
380.0092	184.8894	8481.234	96716.39
380.1993	152.7026	7337.821	88097.7
380.3894	130.0825	6669.457	84900.07
380.5797	114.3789	6362.289	84013.94
380.77	117.1956	6072.243	80723.87
380.9605	115.6463	5780.834	75846.92
381.151	120.7547	5828.572	75212.25
381.3416	127.9525	6406.429	81598.27
381.5324	134.8908	7297.314	91387.3
381.7232	132.3543	8165.45	100248.2
381.9141	135.6137	8860.045	107688.1
382.1051	141.1643	9342.223	114473.8
382.2962	138.5294	9572.137	120363.4
382.4874	136.5868	9701.74	127118.1
382.6787	137.0615	10012.77	137079.8
382.8701	137.226	10358.8	145929.2
383.0616	133.7803	10293.94	147014.7
383.2532	129.2639	9843.621	142228.8
383.4449	129.6937	9330.47	136630.1
383.6367	137.6748	8792.105	129131.7
383.8285	151.061	8232.799	118295.4
384.0205	165.8777	7835.179	107563.7
384.2126	178.5302	7557.52	99049.34
384.4047	188.3757	7240.725	92091.65
384.597	198.416	7207.63	90114.89
384.7893	210.6021	8067.311	100171.1
384.9818	224.9123	10076.42	125682.2
385.1743	246.3242	13044.31	163368.2
385.367	283.4089	16335.08	203487.5
385.5597	333.0516	18958.94	234563.5
385.7525	372.4636	20155.52	251543.8
385.9455	375.8533	19854.14	256226.5
386.1385	344.1517	18978.07	255503.8
386.3316	306.9802	19087.73	260733.7
386.5248	286.2638	20665.88	275239.3
386.7182	272.1957	22101.81	282116.5
386.9116	243.8027	21300.5	258679.5
387.1051	199.7179	18151.66	206301.9
387.2987	157.7904	14533.27	152705.5
387.4924	134.2858	12043.65	121847.2
387.6862	136.2479	11072.82	118176.6
387.8801	168.1577	11940.98	140498.5
388.0741	227.9534	14838.76	185282.4
388.2682	291.1272	18104.95	230786.9
388.4624	318.1462	18892.59	245414
388.6567	292.0793	16390.43	220412.7
388.8511	234.3002	12382.56	174216.7
389.0455	176.4963	8760.652	127768.1
389.2401	136.0755	6425.147	94270.87
389.4348	123.9913	5958.893	83808.77
389.6296	167.0119	8016.949	103269.1
389.8244	323.4505	13406.27	154550.8
390.0194	670.54	22974.47	234562.7
390.2145	1215.284	36199.07	331081.4
390.4096	1766.997	48718.69	414287.5
390.6049	1993.847	53358.63	444186.4
390.8003	1737.147	46918.85	404796.3
390.9957	1191.66	34118.9	322014.5
391.1913	677.1571	22079.01	233277.3
391.3869	346.352	13870.75	156893.9
391.5827	172.5595	8974.39	97788.51
391.7785	86.17863	2783.262	58799.73
391.9745	18.85109	2104.848	38033.09
392.1705	25.67931	3741.558	28430.71
392.3666	17.50985	2694.769	23802.51
392.5629	12.84551	1669.306	21563.45
392.7592	9.58097	903.026	20807.11
392.9557	7.508342	520.66	20454.32
393.1522	6.252034	393.7503	19576.9
393.3488	5.920864	297.7745	18189.74
393.5456	5.607237	260.9014	10752.46
393.7424	5.310222	241.0927	9092.159
393.9393	5.028941	222.7878	13298.47
394.1363	4.762558	205.8728	10387.61
394.3335	4.510286	189.0801	7172.42
394.5307	3.987443	173.917	4602.932
394.728	4.045123	162.4506	3930.629
394.9254	3.830853	151.5323	3323.694
395.1229	3.627933	283.268	2810.477
395.3206	3.435762	2591.417	2376.507
395.5183	19.2354	5344.275	12685.21
395.7161	53.81129	8883.11	25551.96
395.914	136.7871	12315.26	43567.37
396.112	286.3123	14915.78	61891.96
396.3101	474.2608	16307.39	73374.43
396.5084	617.7615	16286.16	72828.21
396.7067	643.4945	15066.09	62192.53
396.9051	558.8256	13426.15	50080.87
397.1036	437.1163	12074.6	43071.91
397.3022	347.232	11075.18	40003.75
397.5009	323.6976	10313.02	38593.26
397.6997	390.954	10360.64	43908.19
397.8986	559.3144	12105.42	63370.8
398.0976	767.1142	15071.08	93261.46
398.2967	890.8332	17164.43	117726.7
398.4959	893.9769	17424.26	127250.2
398.6952	890.1819	17544.35	129892.1
398.8946	957.2773	18754.64	134542.3
399.0941	1005.995	19413.79	135410.9
399.2937	957.4181	18195.3	127595.7
399.4935	908.8732	17189.14	124070.2
399.6933	970.5359	18830.87	138939.1
399.8932	1050.999	21677.97	164280.9
400.0932	969.4822	22303.79	181060.4
400.2933	720.8752	20180.43	185081.6
400.4935	480.9185	17800.15	185623.4
400.6938	380.5324	16831.47	185387.2
400.8942	388.7162	16644.95	178591.7
401.0947	395.1789	16102.8	165481.4
401.2953	339.4098	15018.35	154471
401.496	247.8416	13703.7	148378.4
401.6968	176.6296	12296.66	141438.4
401.8977	158.5273	11059.91	132141.8
402.0987	198.9787	10558.39	127331.8
402.2998	275.2489	10992.03	131638.4
402.501	333.8703	11782.41	141356.8
402.7023	329.0641	12146.71	149302.5
402.9037	270.2127	11761.02	149764.9
403.1053	202.56	10624.51	138091.6
403.3069	151.6259	8802.492	112477.2
403.5086	112.4799	6696.219	79959.82
403.7104	76.17469	4964.91	53418.25
403.9123	43.88765	3862.809	39046.06
404.1143	21.01499	3113.318	32656.07
404.3164	2.749116	2447.086	28150.48
404.5186	2.607492	1888.295	23995.13
404.721	2.473165	1556.034	21563.64
404.9234	2.345757	1462.373	21615.79
405.1259	2.224913	1550.92	23954.15
405.3285	2.110295	1809.264	28802.92
405.5312	2.001581	2223.444	36107.86
405.7341	1.898467	2621.748	43092.98
405.937	1.800666	2714.266	44971.08
406.14	1.707903	2391.485	39960.47
406.3432	1.619919	1866.168	31701.76
406.5464	1.536467	1080.454	25172.47
406.7497	1.457314	1186.77	22256.08
406.9531	1.38224	1086.949	21857.86
407.1567	1.311032	1062.174	22076.52
407.3603	1.243493	1081.039	21763.35
407.5641	1.179433	1103.752	20936.87
407.7679	1.118674	1052.504	19742.8
407.9718	1.061044	870.7284	17501.23
408.1759	1.006383	603.7102	13727.26
408.38	0.9795563	364.5482	9345.909
408.5843	0.9776857	223.0971	5859.286
408.7886	0.9758187	171.594	3989.117
408.9931	0.9739552	183.6209	3863.208
409.1976	0.9720953	279.9714	6072.596
409.4023	0.9702389	157.1952	11695.82
409.6071	0.9683861	1049.14	20549.15
409.8119	0.9665368	1670.153	29415.57
410.0169	0.964691	2076.89	33641.08
410.222	0.9628488	2023.73	31766.98
410.4271	0.9610101	1636.589	27254.94
410.6324	0.9591749	1254.182	24405.65
410.8378	0.9573432	1051.313	23843.71
411.0432	0.955515	958.8536	22977.44
411.2488	0.9536903	919.8512	20175.12
411.4545	0.9518691	1114.083	17837.53
411.6603	0.9500513	1878.357	21738.92
411.8662	0.9482371	3371.549	37511.23
412.0722	0.9464263	5279.76	65065.34
412.2783	0.9446189	6902.546	94617.31
412.4845	0.942815	7649.343	111875
412.6908	0.9410146	7446.518	109496.3
412.8972	0.9392176	6598.947	90863.67
413.1037	0.937424	5412.141	64876.28
413.3103	0.9356338	4070.417	40722.01
413.517	0.9338471	2724.939	24005.62
413.7238	0.9320638	1566.53	14922.42
413.9308	0.9302838	767.2244	10740.43
414.1378	0.9285073	155.3615	9137.022
414.3449	1.119497	177.7194	8955.897
414.5521	1.711623	255.2087	9581.379
414.7595	2.616938	366.4848	10542.94
414.9669	4.001092	1227.129	11296.72
415.1745	26.98361	2519.862	11513.03
415.3821	47.13578	4198.967	11657.41
415.5899	67.28361	5782.807	13110.11
415.7977	21.86349	2237.994	18151.9
416.0057	33.42756	3213.804	30192.17
416.2137	112.3536	8847.821	51921.77
416.4219	133.5892	9937.054	80474.81
416.6302	155.8077	10660.74	105574.9
416.8385	171.1904	10414.13	115929.3
417.047	175.4295	9006.049	108160
417.2556	173.1549	6948.601	89463.77
417.4643	176.9719	5202.73	72204.03
417.6731	204.1393	4728.787	67039.22
417.882	282.6832	6683.652	83550.48
418.091	464.5289	12924	133760.6
418.3001	785.5869	24547.65	220654.6
418.5093	1151.438	38179.26	314592.6
418.7186	1325.892	45716.64	357903.3
418.928	1164.137	41779.19	316804.5
419.1376	794.4339	29967.73	219482.1
419.3472	451.6118	18228.11	124388.7
419.5569	237.4783	10790.86	66284.87
419.7668	123.1162	7220.748	45057.87
419.9767	62.75198	5821.562	45500.6
420.1867	23.1597	5400.193	52205.23
420.3969	27.09168	5290.97	55114.13
420.6072	33.78032	5275.728	52929.1
420.8175	49.97293	5404.185	51066.38
421.028	71.50737	5589.542	52533.11
421.2386	92.32257	5468.582	52513.17
421.4492	106.1494	4822.174	45425.16
421.66	109.164	3889.653	33633.67
421.8709	100.058	3088.555	24543.65
422.0819	79.86034	2636.714	22400.21
422.293	53.82957	2505.2	25679.37
422.5042	30.43176	2526.534	29375.29
422.7155	11.98732	2544.719	29077.3
422.927	8.550155	2573.547	25106.67
423.1385	6.098541	2763.412	22502.26
423.3501	6.103114	3193.958	26454.31
423.5618	6.479116	3740.365	37591.28
423.7737	7.133937	4101.238	49941.11
423.9856	7.874901	4008.316	54506.66
424.1977	8.495574	3541.402	48024.36
424.4098	8.674448	3132.187	36621.97
424.6221	9.515965	3138.726	28954.85
424.8345	10.79187	3535.02	28436.02
425.047	12.70336	4024.228	32195.26
425.2595	16.24069	4342.646	35345.34
425.4722	25.64755	4626.231	38108.49
425.685	52.33373	5715.801	50298.09
425.8979	111.5611	8826.555	84765.7
426.111	202.4548	14006.38	139459
426.3241	290.9759	18763.93	186846.3
426.5373	341.7371	19941.21	196128.2
426.7506	375.9417	17811.83	171815.4
426.9641	458.2674	16500.18	154407.6
427.1776	608.7281	19330.88	176115.2
427.3913	760.2289	24970.89	226497.2
427.605	838.4648	29470.11	269741
427.8189	891.7309	32227.48	294545.6
428.0328	1120.869	38083.08	332194.9
428.2469	1763.935	52427.43	417073.3
428.4611	2903.515	75470.29	545122.1
428.6754	4279.608	100874.9	676466
428.8898	5334.447	119081.6	764897.2
429.1043	5665.862	124535.8	789569.1
429.3189	5461.946	121037	772095.6
429.5336	5335.864	118497.9	760112.4
429.7485	5717.406	123867.5	785117.3
429.9634	6471.343	135518.5	836760.1
430.1784	7120.863	146588	882310.7
430.3936	7367.302	152473.1	902136.4
430.6089	7205.451	151904.6	891516.7
430.8242	6588.34	141900	836452.8
431.0397	5388.368	118761	718441
431.2553	3773.158	86001.19	553998.1
431.471	2263.498	55416.66	405182.9
431.6868	1314.881	37742.42	331756.4
431.9027	1020.901	34968.02	342104.4
432.1187	1175.149	41174.46	394473.2
432.3348	1421.445	47040.64	428219.7
432.551	1434.091	44941.8	397682
432.7674	1143.494	34194.62	303012.4
432.9838	739.5251	20916.1	189090.7
433.2004	414.5076	11188.64	101927.4
433.417	214.5626	3553.814	54480.02
433.6338	105.6196	4222.791	34716.2
433.8507	29.72103	3212.607	27970.1
434.0677	22.96636	2534.779	26073.2
434.2848	21.54887	2250.603	25865.53
434.502	20.21886	1881.901	26054.22
434.7193	18.97093	1750.073	25695.83
434.9367	17.80004	1612.743	24429.96
435.1542	16.70141	1471.216	22895.99
435.3719	15.67058	1481.124	21772.48
435.5896	14.70339	1591.398	20722.84
435.8075	13.79588	1607.811	19083.36
436.0254	12.94439	1924.93	17009.95
436.2435	12.14546	2286.666	15408.78
436.4617	11.39583	2595.742	15343.24
436.68	10.69247	2278.846	17920.11
436.8984	10.03253	2448.512	23879.37
437.1169	9.413312	3364.117	32139.91
437.3355	10.35104	3551.271	38999.91
437.5543	12.45444	3531.444	40444.63
437.7731	14.98527	3338.839	35880.44
437.9921	18.9555	3148.032	28890.8
438.2111	29.3562	3123.15	24473.64
438.4303	41.98844	3337.943	25743.45
438.6496	53.38204	3804.186	32310.92
438.869	37.78908	4515.918	41449.67
439.0884	69.00549	5412.896	50638.31
439.3081	75.23252	6226.777	57556.87
439.5278	79.57975	6510.462	59294.24
439.7476	82.14063	6166.031	56331.77
439.9675	86.83679	5834.025	55115.92
440.1876	97.67592	6270.092	60363.1
440.4077	112.6401	7365.925	66947.89
440.628	124.0625	8243.993	65191.85
440.8484	126.2954	8338.888	53303.6
441.0689	121.1121	7930.581	39810.39
441.2895	114.8394	7589.878	34140.46
441.5102	111.8583	7515.913	38625.93
441.731	111.2187	7477.212	48646.24
441.9519	109.522	7236.954	58345.3
442.173	106.6782	6938.298	65959
442.3941	106.4093	6909.04	72912.52
442.6154	112.3237	7222.447	80415.18
442.8367	126.5182	7803.886	90667.57
443.0582	148.5477	8771.354	107506
443.2798	171.6281	10177.67	130439.6
443.5015	184.1623	11496.59	150041.6
443.7233	180.0101	11898.83	154393.6
443.9453	167.6618	11313.33	142498.5
444.1673	172.9865	11162.26	130817.4
444.3894	239.3006	14189.52	147019.8
444.6117	410.2433	23108.39	213850.9
444.8341	674.8098	37527.72	325158
445.0566	928.0511	51704.63	433630.5
445.2791	1038.349	57840.7	480417.7
445.5019	965.6438	52832.93	444486.4
445.7247	780.4825	40622.19	354797.1
445.9476	583.4782	28156.33	260445.5
446.1706	440.3147	20180.16	197125.3
446.3938	368.2068	17181.4	171657.4
446.617	345.1198	16857.92	168216.9
446.8404	334.4169	16903.59	168518.9
447.0639	313.3012	16338.17	164177.7
447.2875	284.3457	15240.18	155311.5
447.5112	281.4027	15059.93	153592.9
447.735	353.607	18225.26	179694.2
447.959	497.9258	24830.96	235567.1
448.183	621.8281	30726.22	287906.7
448.4072	634.404	31830.05	303246.8
448.6314	556.0759	29063.01	287737.8
448.8558	472.772	26011.28	268263.2
449.0803	422.5942	23945.22	253173.4
449.3049	391.9527	22129.33	235968.9
449.5296	365.0616	20120.23	214341.3
449.7544	329.3577	17455.48	186361
449.9794	284.4023	13842.09	150851
450.2044	267.7612	10781.28	121129.3
450.4296	343.3912	11087.56	120551.2
450.6549	588.1559	16964.92	162904.9
450.8803	1082.702	28963.77	243453
451.1058	1832.345	45444.39	344576.5
451.3314	2704.055	63002.51	446432.8
451.5571	3537.169	78821.98	535768.1
451.783	4256.177	91673.14	605340.6
452.0089	4809.78	100085.1	647104.9
452.235	5176.653	103257.7	658490.5
452.4612	5465.54	103984.2	654162.6
452.6875	5892.122	107548.7	660740.9
452.9139	6686.341	118118.3	699717.3
453.1404	7915.768	135637.4	770991.9
453.367	9119.9	152708.8	841594.9
453.5938	9342.738	156614.4	858526.9
453.8207	8101.015	141111.5	795495.2
454.0476	6146.969	115267.1	686586.3
454.2747	4747.225	95300.29	598242
454.5019	4429.573	89391.53	571467.4
454.7292	4804.494	94124.31	599923.7
454.9567	5274.824	102144.6	650069.2
455.1842	5490.676	107881.6	685972.1
455.4119	5325.036	108232.4	687211.5
455.6396	4801.743	102821.8	656858.1
455.8675	4074.132	93405.68	606642.3
456.0955	3287.092	80681.73	534587.9
456.3236	2466.948	63704.73	431774.6
456.5519	1637.406	43875.24	308580.4
456.7802	925.8287	25995.49	195674.1
457.0087	454.741	14092.15	118427.6
457.2372	220.7039	8475.219	80060.2
457.4659	133.7084	6915.683	66669.87
457.6947	108.3796	6915.444	60692.99
457.9236	99.58258	6894.872	51186.9
458.1527	92.2901	6349.767	37724.81
458.3818	60.06999	5432.583	26187.09
458.6111	71.00702	4492.089	21390.7
458.8404	56.01538	3836.604	24340.58
459.0699	41.23253	3611.297	33111.57
459.2995	30.45347	3727.856	43441.45
459.5292	28.12549	3979.355	50760.05
459.7591	24.1651	4203.176	53172.86
459.989	21.93199	4276.974	50841
460.2191	22.23941	4147.534	44277.19
460.4492	24.00815	4017.701	36298.02
460.6795	33.95176	4444.961	33681.18
460.9099	73.63427	6361.962	45564.74
461.1405	186.6439	11284.59	82717.16
461.3711	410.3936	20568.49	152400.2
461.6018	705.3258	32794.3	242630.8
461.8327	942.4676	42904.42	319123.3
462.0637	1020.279	46507.37	353821.9
462.2948	951.401	43743.5	346587.6
462.526	801.5388	37379.78	311757.9
462.7573	625.7274	29959.78	263626.3
462.9888	468.2155	23254.6	215004
463.2203	364.678	18564.67	178318.8
463.452	354.3947	17691.58	171048.3
463.6838	459.9705	21871.99	204819.4
463.9157	617.2973	28307.87	257881.9
464.1477	695.8554	31029.53	282799.1
464.3799	639.2796	27324.18	256052.5
464.6121	521.697	20334.79	199035.9
464.8445	455.4649	14541.78	145450.4
465.077	520.9791	11969.17	111051.9
465.3096	746.2313	12517.73	95208.33
465.5423	1040.499	14624.86	89953.44
465.7752	1204.5	15692.47	84020.61
466.0081	1155.636	14560.28	72254.22
466.2412	1083.545	13394.04	63213.3
466.4744	1211.661	14821.57	67284.29
466.7077	1460.643	17725.57	78874.96
466.9411	1527.047	18192.63	80989.55
467.1746	1295.407	14759.48	68082.82
467.4083	995.8707	10484.3	53756.33
467.6421	938.2053	9518.861	54218.14
467.876	1217.356	13184.4	72103.32
468.11	1617.169	18674.53	94059.09
468.3441	1751.188	20955.15	100271.1
468.5783	1434.768	17589.03	82938.84
468.8127	881.5734	11222.98	54441.8
469.0472	424.4852	6007.028	31850.38
469.2817	187.4975	3436.793	20611.59
469.5165	102.9741	2628.536	16972.3
469.7513	78.48985	2464.424	16673.48
469.9862	67.03536	2417.012	17253.57
470.2213	53.64235	2301.699	17164.62
470.4565	37.36088	2043.827	16036.62
470.6918	22.2437	1631.878	14544.75
470.9272	5.307974	1144.039	13260.11
471.1627	7.092441	720.1475	11990.7
471.3984	9.476821	380.8357	10435.8
471.6341	12.6628	280.1144	8967.252
471.87	16.91985	513.0936	8496.355
472.106	22.60807	754.0352	9842.635
472.3421	30.20859	1116.884	13431.25
472.5784	40.3643	1623.924	19478.63
472.8147	253.3096	2311.459	28015.37
473.0512	314.2219	3104.655	37909.05
473.2878	96.29378	3809.133	46824.23
473.5245	128.6664	4466.588	55150.05
473.7613	171.9223	5687.249	69784.2
473.9983	385.6076	8014.322	96871.67
474.2353	388.8761	10595.17	126861.8
474.4725	365.7581	11423.06	137308.2
474.7098	308.7818	9761.894	119519.4
474.9473	234.5635	7421.783	93006.02
475.1848	180.2144	7238.453	89037.35
475.4225	182.4908	11006.14	126788.5
475.6602	241.4186	17817.23	195693.6
475.8981	300.4875	23362.92	251251.2
476.1362	292.7496	23070.48	247953.6
476.3743	214.2708	17097.65	187188.2
476.6126	121.0167	9936.013	113051.8
476.8509	17.26195	5165.673	61886.21
477.0894	29.76317	3052.491	37748.92
477.328	17.87852	2377.592	29093.24
477.5668	11.72991	2250.719	26896.64
477.8056	8.02329	2267.874	26746.26
478.0446	6.804422	2198.324	25944.73
478.2837	5.648479	1949.514	23517.65
478.5229	5.469939	1619.506	20779.69
478.7622	6.055707	1399.176	19839.43
479.0017	6.468171	1402.059	21299.5
479.2412	7.422146	1588.093	23687.18
479.4809	9.2633	1849.485	25434.9
479.7207	10.5257	2127.17	26763.47
479.9607	10.07109	2396.854	28714.31
480.2007	11.14959	2629.402	31572.46
480.4409	14.74038	2825.702	35099.1
480.6812	22.03774	2995.152	38570.81
480.9216	68.51109	3100.733	40281.27
481.1621	120.234	3137.467	39135.51
481.4028	178.6107	3270.792	37210.35
481.6435	229.2762	3732.586	38399.17
481.8844	264.079	4443.733	43071.72
482.1254	280.4501	4909.365	46375.37
482.3666	280.7324	4860.984	44954.1
482.6078	278.7177	4940.887	44116.29
482.8492	311.7127	6599.866	56968.42
483.0907	478.7321	12024.87	100019.6
483.3323	998.3488	24456.48	188037.5
483.574	2147.459	46710.78	321911.3
483.8159	3881.999	75988.04	471956.4
484.0579	5428.096	99884.52	577526.7
484.3	5711.298	103565.1	584474.4
484.5422	4516.269	84996.02	497549.9
484.7845	2754.112	57813.81	379942.6
485.027	1407.142	37009.45	294530.7
485.2696	736.9226	27536.4	261292.6
485.5123	501.1788	25529.18	259093.1
485.7551	415.942	24514.36	250481.3
485.9981	346.0344	21422.87	220771.9
486.2411	294.7109	18843.8	196960.8
486.4843	308.4648	20797.52	214116.2
486.7276	382.0628	26910.03	268074.4
486.9711	442.3581	31710.09	310217.2
487.2146	418.5109	29960.37	293643.4
487.4583	326.34	22506.45	225043.1
487.7021	263.0632	15620.78	159215.9
487.946	324.5427	15131.49	146008.9
488.1901	526.3297	21944.41	191766.4
488.4342	758.4475	30996.63	255964.1
488.6785	840.6764	34530.73	280633
488.9229	706.0434	29621.28	244300.6
489.1674	492.4499	21669.13	184505
489.4121	396.5351	18576.53	156466.7
489.6569	486.8237	23106.53	180644
489.9018	657.1983	30696.09	228154.7
490.1468	726.09	33607.88	247911
490.3919	622.2596	28924.03	218765.8
490.6372	463.0151	21833.07	173519.8
490.8826	414.6956	19653.84	162461.3
491.1281	517.4262	24384.53	202272.6
491.3737	664.3671	31777.1	265490.4
491.6195	727.586	36525.07	314590.3
491.8654	688.1909	37347.15	336916.3
492.1114	611.6157	35752.87	335912.7
492.3575	539.9772	32300.58	310109.2
492.6038	475.8678	27044.17	262570.9
492.8501	419.1809	21062.53	207937.8
493.0966	365.5115	15571.51	158908.7
493.3432	307.5137	11456.46	123639.4
493.59	251.6589	9352.473	107923.7
493.8369	210.7966	8807.785	105546.8
494.0838	187.1769	8403.568	100006.4
494.331	175.3627	7306.401	83408.88
494.5782	175.2151	5872.358	62789.73
494.8256	194.3705	4744.966	47104.56
495.073	238.6434	4241.214	38450.83
495.3206	300.6971	4541.201	35725.99
495.5684	360.4065	5735.119	38513.14
495.8162	397.0904	7530.758	46094.91
496.0642	403.8332	9389.138	57513.93
496.3123	396.3052	11082.82	73456.02
496.5605	408.0807	12898.09	95622.68
496.8089	481.9631	15586.63	126429
497.0574	704.6379	20886.65	173310.1
497.306	1295.799	32247.39	250893.1
497.5547	2628.82	53959.24	372156.5
497.8035	4898.381	86534.85	529809.2
498.0525	7527.818	121083.1	684322.7
498.3016	9304.638	143325.5	785532
498.5508	9717.188	149098.9	821918.4
498.8002	9624.372	149404	830479.9
499.0497	9901.013	153564.8	841657.7
499.2993	10335.76	158278.1	847663.9
499.549	10526.87	159440.4	840718.3
499.7988	10606.11	159767.5	833861.4
500.0488	10630.65	160139.9	830023.8
500.2989	10541.12	158568.8	820186.9
500.5491	10645.07	157315.9	811347.1
500.7995	11141.43	159413.2	816723.6
501.0499	11769.21	164229.1	837534.1
501.3005	12350.79	171217.3	871922.5
501.5512	12852.91	179424.9	912248.7
501.8021	13084.67	185246	939188.6
502.0531	12846.68	185217.2	935723.1
502.3042	11891.71	175481.8	888292.1
502.5554	9939.044	151925.9	785088.8
502.8067	7378.086	119368.3	648090.7
503.0582	5514.683	95687.39	551188.4
503.3098	5529.91	97662.97	562596.2
503.5615	7256.639	121850.8	662400.1
503.8134	9094.773	143826.6	743014.5
504.0654	9290.537	140095	707431.2
504.3175	7465.649	109507.2	557291.8
504.5697	4755.771	70239.1	375000.3
504.8221	2512.053	39808.71	238146.5
505.0746	1256.184	23276.49	167873.8
505.3272	816.4134	16856.51	142024
505.5799	954.618	16431.01	136577.1
505.8328	1691.941	22198.8	153749
506.0857	3098.149	36022.67	208197
506.3389	4735.633	53962.44	285959.3
506.5921	5569.428	64702.36	336345.1
506.8455	4922.5	60058.96	320590
507.099	3296.31	44047.54	251482.3
507.3526	1743.145	26921.68	169802.3
507.6063	797.7668	14702.66	103396.8
507.8602	367.0298	7736.502	59582.4
508.1142	197.9084	4368.272	35272.94
508.3684	132.8496	3005.605	23847.44
508.6226	106.356	2541.067	19087.51
508.877	95.27234	2376.443	17031.2
509.1315	89.56978	2265.077	15718.58
509.3861	81.15842	2079.493	14582.98
509.6409	80.40025	2098.467	13703.91
509.8958	80.94909	2106.28	13130.96
510.1508	79.19675	2142.809	12761.67
510.406	77.95394	2198.731	12635.19
510.6612	77.43773	2176.107	13418.5
510.9167	76.71432	2195.962	16858.75
511.1722	93.45588	2942.17	26210.18
511.4278	116.5213	4117.773	45872.04
511.6836	152.6175	6208.039	76514.35
511.9395	191.5036	8514.191	106915
512.1956	212.6747	9452.86	117200.8
512.4518	202.804	8228.046	99203.84
512.7081	169.9019	5945.039	67332.48
512.9645	134.6786	4242.553	41592.88
513.221	112.9539	3582.832	28341.56
513.4777	113.9368	3471.564	22621.32
513.7345	162.9044	3676.617	20459.96
513.9915	336.2328	4909.286	23823.82
514.2486	756.5377	8518.133	37428.6
514.5057	1471.502	15050.02	62408.57
514.7631	2284.065	22559.57	90862.18
515.0205	2797.328	27148.13	108214.4
515.2781	2717.327	26016.89	104049
515.5358	2099.427	19886.46	80836.25
515.7937	1315.413	12507.94	51883.68
516.0516	795.932	7981.352	31201.22
516.3097	811.7281	8589.594	26904.16
516.568	1481.751	15090.29	44728.81
516.8263	2832.455	27708.76	90866.38
517.0848	4607.767	44414.39	159673.3
517.3434	6011.086	57823.97	218272.9
517.6022	6100.446	58694.29	225029.7
517.8611	4774.238	46019.21	175966.1
518.1201	2987.003	29372.1	113257.6
518.3792	1842.071	19555.14	81977.51
518.6385	1905.052	21656.48	99865.98
518.8978	3165.489	34924.45	160115.8
519.1574	4935.213	52010.22	231993.5
519.417	5953.785	60447.05	266958.5
519.6768	5412.86	53288.42	239347.2
519.9367	3874.524	37507.7	178228.4
520.1968	2714.232	26931.62	137989.4
520.4569	2918.206	30341.54	151487.7
520.7172	4465.024	46786.37	214335.4
520.9777	6268.01	65399.23	285544.6
521.2382	6883.714	71912.57	310989.1
521.4989	5912.568	62833.35	278771.2
521.7598	4351.563	49635.88	239522.8
522.0207	3249.386	44395.48	247628
522.2818	2696.752	46787.4	296577.5
522.543	2274.793	47882.88	328878
522.8044	1837.571	42932.83	306471.6
523.0658	1645.277	37257.11	256102.3
523.3274	1981.224	39087.36	233549
523.5892	2768.029	49250.39	258246.8
523.8511	3553.676	60215.98	300394.6
524.1131	3948.614	65074.64	325214.8
524.3752	4069.544	65451.49	333300.6
524.6374	4298.519	67249.74	345119.3
524.8998	4621.103	70269.69	357757.2
525.1624	4555.141	67713.96	343267.7
525.425	3758.409	55411.06	286472.4
525.6878	2481.418	37391.18	205379.3
525.9507	1321.626	21645.69	132875.3
526.2138	643.2539	12588.98	87462.62
526.477	408.3983	9392.572	66237.93
526.7403	453.9552	9824.053	59146.78
527.0037	747.5417	13619.07	63847.71
527.2673	1441.624	23058.81	91604.14
527.531	2832.856	42202.09	165452.4
527.7949	5184.878	74348.99	304464.7
528.0588	8192.121	115021.4	488627.6
528.3229	10554.53	147156.3	642529.9
528.5872	10910.53	153693.1	693357.2
528.8515	9622.405	139390.7	658124.8
529.116	8709.656	129048.8	633548.7
529.3807	9478.24	138591.4	682052.5
529.6454	10925.22	156214.1	757719.4
529.9103	10999.1	157113.9	760996.6
530.1754	8973.359	131432.2	648111.7
530.4405	6026.337	92850.82	473520.2
530.7058	3847.275	63719.75	336720.8
530.9713	3194.939	55661.23	295584.8
531.2368	3540.342	61565.37	321115.6
531.5025	3741.934	64226.29	332718
531.7683	3180.77	54399.16	284411.3
532.0343	2217.018	38291.15	204319.4
532.3004	1473.924	26046.53	142326.7
532.5666	1101.413	20043.5	112007.7
532.833	902.1663	17029.99	97736.35
533.0995	735.8776	14530.47	85678.81
533.3661	589.5247	12031.6	71844.76
533.6329	490.0589	9916.208	58347.22
533.8998	451.9796	8729.107	49292.79
534.1668	432.824	8117.508	44340.39
534.4339	367.1381	7149.537	39685.41
534.7012	254.6258	5779.796	35151.33
534.9687	155.0059	4754.009	33061.35
535.2362	110.0174	4356.819	31948.43
535.5039	118.7774	4294.582	28432.02
535.7717	160.6462	4351.737	22957.15
536.0397	207.4299	4484.229	18530.03
536.3078	228.4934	4568.167	15913.83
536.576	207.2814	4464.205	13665.74
536.8444	153.7754	4181.602	11150.25
537.1129	96.04347	3811.636	9041.536
537.3815	59.5024	3419.792	7853.144
537.6503	54.48157	3086.258	7636.99
537.9192	80.01228	2973.335	8872.251
538.1882	136.4703	3351.696	12847.13
538.4574	233.6492	4568.538	20950.21
538.7267	370.4738	6643.053	32643.21
538.9962	492.9173	8602.026	43031.97
539.2657	511.7147	8872.148	44970.98
539.5354	403.1754	7038.469	36815.99
539.8053	247.625	4495.661	25216.68
540.0753	138.3949	2878.521	17875.03
540.3454	103.9394	2671.127	17011.87
540.6156	119.1334	3316.979	19922.32
540.886	140.505	3857.543	22191.21
541.1565	135.0632	3612.541	20831.26
541.4272	102.9543	2683.411	16404.57
541.698	68.85057	1710.694	11997.69
541.9689	50.24232	1195.33	10261.93
542.24	46.30485	1246.736	12081.66
542.5112	48.96383	1708.287	16588.93
542.7825	52.01131	2260.072	21223.25
543.054	51.92509	2542.798	22932.53
543.3256	47.76939	2407.213	20750.11
543.5973	42.11179	2037.654	16757.31
543.8692	40.03401	1750.81	13910.27
544.1412	46.66178	1722.544	13713.45
544.4134	66.90105	1977.161	16242.43
544.6856	107.2942	2552.488	21200.87
544.9581	176.5529	3528.633	27997.19
545.2306	285.7985	4879.769	35046.87
545.5033	449.0498	6404	39995.39
545.7761	653.5262	7743.938	41227.56
546.0491	806.23	8305.733	38550.98
546.3222	782.7682	7581.347	33150.68
546.5955	587.8537	6102.161	29136.17
546.8688	377.5224	5455.244	33396.56
547.1423	279.0018	6655.99	49889.21
547.416	276.4815	8934.101	73794.26
547.6898	284.0723	10516.96	93474.02
547.9637	256.306	10363.15	99495.43
548.2378	209.235	8906.325	91859.72
548.512	176.1595	7376.496	78679.58
548.7863	171.0931	6636.698	67757.32
549.0608	183.5899	6556.154	59937.43
549.3354	191.7895	6440.777	51809.51
549.6101	180.1577	5912.171	42328.52
549.885	147.5435	5118.901	33512.7
550.16	103.2715	4302.468	26865.39
550.4352	60.39752	3505.298	21995.95
550.7105	29.13728	2679.813	17920.55
550.9859	2.742858	1898.547	14464.58
551.2615	2.64085	1325.085	12147
551.5372	2.542636	1023.341	11155.89
551.8131	2.448074	902.2763	10948.15
552.089	2.35703	845.1162	10917.07
552.3652	2.269371	817.8863	11044.49
552.6414	2.184973	829.4655	11490.45
552.9178	2.103713	839.3549	11788.88
553.1944	2.025475	776.9611	11166.42
553.471	1.950147	634.4377	9569.419
553.7479	1.87762	476.6048	7757.996
554.0248	1.807791	364.6559	6460.352
554.3019	1.740559	309.4275	5843.913
554.5791	1.675827	290.4215	5705.314
554.8565	1.613502	288.3432	5838.04
555.134	1.553496	294.5133	6167.492
555.4117	1.495721	305.6028	6673.07
555.6894	1.440094	319.6771	7256.941
555.9674	1.386537	335.6333	7742.59
556.2454	1.334971	351.8558	8000.498
556.5236	1.285323	365.3007	8019.325
556.802	1.237522	373.641	7854.11
557.0805	1.191498	355.6944	7559.721
557.3591	1.147186	314.4361	7165.418
557.6378	1.104521	277.9635	6664.374
557.9167	1.063444	319.3065	6027.454
558.1958	1.023894	264.5146	5265.824
558.4749	0.9858152	204.3715	4478.784
558.7543	0.9491524	157.6635	3813.597
559.0337	0.9138532	150.06	3391.099
559.3133	0.8798667	132.654	3287.875
559.5931	0.8471442	146.9239	3549.156
559.8729	0.8156386	175.0685	4131.087
560.1529	0.7853048	207.0649	4802.332
560.4331	0.756099	232.5701	5212.011
560.7134	0.7279795	279.7678	5151.696
560.9938	0.7009057	297.9143	4712.986
561.2744	0.6748388	317.2378	4166.625
561.5551	0.6497413	337.8147	3744.849
561.836	0.7378919	309.462	3536.829
562.117	1.110563	383.0591	3509.01
562.3981	1.671451	407.9053	3570.929
562.6794	7.007048	547.8406	3640.06
562.9608	13.72705	462.5371	3696.871
563.2424	21.95844	492.5385	3907.012
563.5241	29.8503	524.4859	4841.198
563.8059	12.90761	558.5054	7450.014
564.0879	44.78535	1421.659	12057.6
564.37	52.56213	1832.164	16876.45
564.6523	57.7687	1905.153	18666.13
564.9347	58.73906	1523.045	16021.22
565.2173	25.8455	934.3199	10922.06
565.5	18.21715	461.2242	6343.529
565.7828	12.84032	110.3619	3664.999
566.0658	9.050476	135.5215	2645.243
566.3489	41.66625	166.4168	2579.505
566.6321	4.496374	268.6387	2926.71
566.9155	3.16926	415.6596	3299.19
567.1991	2.233847	564.6875	3413.666
567.4827	1.574522	378.4015	3228.135
567.7666	1.109799	464.667	2961.411
568.0505	0.7822397	570.5987	2901.466
568.3346	0.5513601	700.6801	3006.188
568.6189	0.3886251	675.9854	3346.03
568.9033	0.3664274	575.5844	3761.231
569.1878	0.6817553	652.9564	4192.282
569.4725	1.268438	547.2915	4672.146
569.7573	23.69796	420.1709	5200.385
570.0423	49.20289	321.0781	5693.304
570.3274	80.76128	257.6129	6421.358
570.6126	109.8298	538.7266	8690.863
570.898	28.27953	1152.22	14567.11
571.1835	148.3949	2174.142	24332.9
571.4692	159.4761	3148.145	33562.13
571.755	161.9053	3371.575	35538.91
572.041	155.5075	2678.91	28778.71
572.3271	136.0018	1665.318	19167.56
572.6133	140.7475	996.7634	13356.86
572.8997	140.6121	915.5183	13634.8
573.1863	146.0074	1464.234	19750.61
573.4729	139.1292	2681.555	31385.28
573.7598	171.2491	4264.533	45849.96
574.0467	177.5556	5325.791	55602.68
574.3338	165.5482	5091.27	53632.78
574.6211	134.9392	3814.871	41609.61
574.9085	95.16919	2479.084	28080.91
575.196	57.20858	1748.78	19643.26
575.4837	28.80393	1635.833	17639.18
575.7715	3.916868	1880.301	20947.46
576.0595	2.930517	2255.131	27693.63
576.3476	3.552507	2593.824	34722.52
576.6358	4.306511	2793.631	38808.84
576.9242	5.864553	2871	39370.41
577.2128	8.792759	2918.174	38139.2
577.5015	12.1451	2960.522	36027.84
577.7903	15.28097	2971.958	33227.89
578.0793	11.27403	3015.136	31866.95
578.3684	22.47579	3182.526	34101.55
578.6577	27.84552	3406.667	37725.22
578.9471	33.42976	3502.219	37936.78
579.2366	36.795	3383.737	33267.27
579.5263	36.07564	3153.185	27179.04
579.8162	32.13522	3009.45	24597.01
580.1062	27.82936	3052.98	27390.7
580.3963	24.83804	3115.113	31873.62
580.6866	22.45344	2872.021	31855.63
580.977	19.50262	2213.06	25415.55
581.2676	15.95364	1387.862	16505.88
581.5583	12.4786	732.0842	9600.332
581.8492	9.684805	198.9087	5827.608
582.1402	7.92586	233.5292	4136.45
582.4313	6.740727	290.887	3457.385
582.7226	8.043324	390.2694	3316.097
583.0141	10.72955	516.0642	3569.04
583.3057	20.45123	637.6001	4128.917
583.5974	32.36111	755.6748	4932.092
583.8893	45.45272	895.5545	5995.886
584.1813	33.97538	1071.81	7291.927
584.4735	64.20659	1251.419	8532.476
584.7658	66.5452	1350.007	9288.242
585.0583	63.34608	1309.909	9556.085
585.3509	56.92935	1192.752	9941.344
585.6437	51.01488	1117.543	10808.63
585.9366	47.44788	1103.397	11675.2
586.2296	46.0664	1070.225	11980.29
586.5228	47.38299	984.0405	11920.04
586.8162	52.96974	905.5352	12088.11
587.1097	62.86823	912.5974	12853.45
587.4033	74.35857	1046.407	14250.99
587.6971	83.22512	1296.549	15942.09
587.991	85.00163	1579.422	17380.14
588.2851	76.78674	1774.495	18437.25
588.5793	60.21278	1819.335	19308.35
588.8737	40.90794	1726.238	19313
589.1682	24.08444	1541.444	17229.6
589.4629	12.16218	1363.439	13754.59
589.7577	1.156645	1327.118	11959.4
590.0527	2.709107	1486.385	14197.46
590.3478	3.092472	1729.209	19173.28
590.643	7.333886	1854.535	22694.76
590.9384	19.66447	1795.022	21842.08
591.234	46.08615	1724.222	17909.81
591.5297	86.9065	1805.203	14227.61
591.8255	129.8744	1895.437	12150.08
592.1215	156.3037	1706.438	10604.88
592.4177	155.8819	1212.609	8541.53
592.714	131.5865	690.9253	6190.549
593.0104	93.62707	208.8546	4218.678
593.307	54.63241	276.4699	2916.019
593.6038	25.71858	683.1924	2319.099
593.9006	0.6298779	1107.352	2576.23
594.1977	10.48356	1540.585	3978.405
594.4949	19.34431	848.913	6631.349
594.7922	34.47568	1123.743	10015.87
595.0897	50.47583	2324.802	12902.53
595.3873	61.32775	2432.655	13976.5
595.6851	64.43495	2404.991	13061.43
595.983	62.49802	2291.718	11689.62
596.2811	60.00849	2197.747	11571.21
596.5793	58.36454	2137.254	12558.2
596.8777	55.97131	2038.124	13138.91
597.1762	52.2996	1885.36	12602.44
597.4749	49.14194	1754.53	11505.6
597.7737	47.73146	1690.329	10305.68
598.0727	47.33467	1645.02	8819.187
598.3718	47.73336	1567.202	7187.988
598.6711	50.85988	1483.112	6401.312
598.9705	58.19608	1462.918	7416.246
599.2701	67.79869	1558.867	10273.85
599.5698	75.20484	1758.213	14044.24
599.8697	76.57704	1924.587	16954.14
600.1697	70.86846	1849.876	17066.37
600.4699	60.30408	1488.619	14149.52
600.7702	48.90908	1072.199	10484.9
601.0706	39.95227	884.0949	8790.863
601.3713	34.66254	995.568	9800.633
601.672	32.26842	1253.22	12070.31
601.973	30.84516	1449.943	13468.56
602.274	29.13823	1498.732	12785.35
602.5753	27.50474	1467.452	10284.82
602.8766	29.07503	1548.361	7105.349
603.1782	30.0061	1596.001	4397.293
603.4798	33.95203	1796.9	2819.463
603.7817	38.32817	2022.335	2559.474
604.0836	36.30534	1919.136	3762.267
604.3858	38.37807	2024.95	6514.435
604.688	52.01018	2675.55	9959.137
604.9905	60.38292	2827.534	12068.04
605.2931	76.45846	2875.58	11593.58
605.5958	106.5602	2916.824	9890.278
605.8987	150.702	3059.404	9416.285
606.2017	197.0198	3222.45	10762.03
606.5049	227.3868	3157.233	12238.06
606.8082	229.1395	2709.031	12109.99
607.1117	203.3522	2045.868	10534.96
607.4154	165.7354	1574.77	9419.797
607.7192	145.3645	1782.329	11842.16
608.0231	175.5998	3246.959	22501.15
608.3272	270.5286	6614.802	47697.91
608.6315	403.5814	11986.72	90109.32
608.9359	513.2841	17786.89	138330.9
609.2404	533.9654	20742.65	165909.5
609.5451	442.2928	18615.45	153665.5
609.85	287.2905	12901.21	111571.4
610.155	149.5325	7191.803	66573.72
610.4602	69.48552	3558.777	35485.52
610.7655	36.99492	1863.259	19344.75
611.071	30.90599	1347.022	13836.56
611.3766	46.397	1665.824	15935.74
611.6824	94.41355	2838.236	23980.94
611.9883	185.0421	4753.202	35409.66
612.2944	301.8722	6755.158	45216.77
612.6006	389.3853	7788.486	47860.06
612.907	390.0376	7162.872	41411.58
613.2135	311.9024	5290.675	29758.51
613.5202	229.6127	3406.947	19911.97
613.8271	203.0773	2493.91	16928.44
614.1341	227.0569	2729.224	21770.59
614.4412	260.6691	3653.611	31703.12
614.7485	273.4568	4432.059	40551.56
615.056	261.7792	4358.023	41816.12
615.3636	239.6277	3452.015	34492.73
615.6714	141.1424	2321.439	23762.59
615.9793	121.4108	1458.724	15127.09
616.2874	179.9347	949.4052	10319.84
616.5956	145.1297	690.6208	8442.287
616.904	103.6644	587.3712	8130.058
617.2125	67.89672	576.4387	8270.874
617.5212	57.18184	631.5077	8307.468
617.8301	49.1879	770.6812	8597.694
618.1391	42.3115	999.3204	9921.793
618.4483	33.05576	1224.074	12057.67
618.7576	28.97405	1273.017	13346.42
619.067	21.53143	1065.128	12504.14
619.3767	14.09861	722.4719	10250.38
619.6864	3.122072	442.6483	8231.88
619.9964	17.0199	320.192	7224.005
620.3065	29.98699	363.1204	7435.269
620.6167	46.90092	635.8628	10055.42
620.9271	63.8151	1308.21	17356.21
621.2376	79.01708	2480.012	30294.21
621.5484	91.57545	3905.108	45711.24
621.8592	98.35794	4974.062	56807.2
622.1702	94.69569	5089.155	57368.9
622.4814	78.72535	4147.47	46526.72
622.7927	54.8217	2688.241	29998.07
623.1042	31.42852	1447.157	15521.19
623.4159	15.06567	479.8423	6858.533
623.7277	1.753017	559.4819	3074.544
624.0396	2.785079	595.9289	1880.854
624.3517	12.27799	729.8581	1880.604
624.664	22.10682	878.0486	2583.158
624.9764	33.96913	768.0621	3806.453
625.289	45.42417	843.8318	5370.191
625.6017	54.97593	1308.76	7080.637
625.9146	61.35548	1480.708	8703.38
626.2277	63.67671	1616.599	9958.57
626.5409	62.68223	1688.22	10556.57
626.8542	60.38415	1692.112	10247.56
627.1677	60.0529	1678.18	9075.259
627.4814	66.6713	1774.284	7549.112
627.7953	87.67558	2135.297	6362.983
628.1092	120.1362	2740.607	6252.962
628.4234	156.1251	3443.154	8119.542
628.7377	185.7759	4074.498	12444.39
629.0521	202.4977	4516.678	17961.69
629.3668	201.7202	4639.537	21548.07
629.6815	184.759	4385.339	20724.5
629.9965	164.8167	3958.025	16456.97
630.3116	159.3193	3725.976	12685.36
630.6268	176.5614	3937.628	13222.62
630.9422	217.5477	4698.777	19788.57
631.2578	282.9878	6065.508	31747.51
631.5735	359.9059	7759.715	45438.66
631.8894	405.5294	8858.461	54212.96
632.2054	381.4224	8515.12	53141.02
632.5216	312.687	7187.278	45129.11
632.8379	279.1175	6478.021	39550.64
633.1545	335.4753	7530.59	43413.8
633.4711	444.7199	9643.023	53582.79
633.7879	497.1433	10600.43	58294.89
634.1049	424.4158	8993.469	49625.39
634.4221	276.1507	5830.477	32567.89
634.7394	148.5734	3105.905	17859.25
635.0568	83.8399	1722.187	10690.85
635.3745	74.24028	1560.598	10605.31
635.6922	119.6779	2637.916	17583.13
636.0102	243.5043	5389.038	33564.5
636.3283	438.9883	9567.875	56643.62
636.6465	608.9268	13105.2	75418.63
636.9649	624.619	13404.05	76142.88
637.2835	475.1543	10358.47	58537.36
637.6022	281.6059	6523.295	36758.27
637.9211	150.6969	4028.803	22959.84
638.2402	92.46172	2929.558	17594.84
638.5594	69.62795	2373.954	15304.21
638.8788	56.90559	1917.415	12934.43
639.1983	46.1799	1492.251	6583.261
639.518	48.55604	1605.481	8451.361
639.8378	48.71742	1646.659	6634.727
640.1579	54.76395	1959.97	4934.388
640.478	61.9245	2325.275	3692.785
640.7984	68.17588	2639.566	3046.007
641.1189	62.40144	2314.314	4666.837
641.4395	78.91635	3145.054	7457.678
641.7603	84.15909	3380.583	10628.17
642.0813	86.27569	3479.38	11899.23
642.4024	83.22926	3368.237	10087.58
642.7237	34.01975	3141.865	6551.673
643.0452	22.62928	1386.261	3519.885
643.3668	52.82005	1074.817	1055.241
643.6886	36.52611	833.3438	1283.649
644.0105	20.81614	2400.328	1059.492
644.3326	4.430259	1909.711	924.7546
644.6549	2.946922	388.4123	817.0864
644.9773	1.960235	301.1498	811.1523
645.2999	1.411348	233.4921	769.5778
645.6226	1.516098	181.0347	730.1341
645.9455	1.609285	140.3626	708.2449
646.2686	1.792469	108.8281	993.3535
646.5918	1.990538	84.37824	1352.839
646.9152	2.161286	65.42144	1842.083
647.2387	2.168664	68.33894	2340.453
647.5624	2.577512	79.06502	2706.163
647.8863	3.160997	97.68432	2840.412
648.2104	4.934027	139.6515	2810.734
648.5346	10.89168	266.9384	3089.153
648.8589	27.85093	625.1873	4678.75
649.1834	63.33059	1377.307	8591.432
649.5081	113.3772	2444.873	14417.23
649.833	155.7189	3358.568	19625.38
650.158	170.2789	3686.653	21878.58
650.4831	162.7057	3540.811	21693.36
650.8085	147.9254	3252.678	20880.13
651.134	125.1484	2849.371	19887.4
651.4596	91.28667	2293.166	18679.7
651.7855	57.87341	1784.909	17780.08
652.1115	37.83221	1492.053	17014.21
652.4376	31.93571	1348.719	15478.02
652.7639	34.93002	1260.633	13242.12
653.0904	44.99647	1283.693	11680.99
653.417	65.67023	1583.644	12372.91
653.7438	103.5851	2337.388	16422.61
654.0708	172.9702	3798.055	24959.16
654.3979	311.9389	6601.757	40641.76
654.7252	598.6055	12077.64	69222.03
655.0527	1088.025	21125.25	114468.4
655.3803	1644.25	31186.67	163940.1
655.7081	1915.914	35835.17	186888.1
656.036	1673.807	30949.16	163425.5
656.3641	1102.016	20053.8	110339.4
656.6924	573.7917	10227.92	62221.09
657.0209	270.3803	4953.273	36823.6
657.3495	144.8225	3210.327	29235.4
657.6782	96.9548	2758.389	27245.27
658.0072	71.60283	2325.603	23539.66
658.3363	58.02827	1804.135	18053.74
658.6655	68.23805	1601.196	13974.25
658.995	124.8514	2098.353	13719.86
659.3245	246.8441	3452.697	17928.07
659.6543	407.5102	5260.49	24727.2
659.9842	512.4584	6406.161	29397.43
660.3143	480.1875	6004.278	28076.01
660.6446	346.3024	4554.105	22542.57
660.975	221.2144	3357.279	18079.96
661.3056	159.3755	2913.358	16703.84
661.6363	131.4062	2657.468	15836.19
661.9672	99.1633	2069.842	13265.22
662.2983	61.43489	1299.473	9959.675
662.6295	32.91045	712.886	7670.674
662.961	17.85454	406.7011	6520.619
663.2925	11.1697	268.5899	5688.3
663.6243	8.172691	198.3885	4845.852
663.9562	7.00921	171.3726	4180.869
664.2883	6.416032	150.815	3764.77
664.6205	7.743402	136.9231	3549.328
664.9529	9.345383	175.7563	3670.677
665.2855	11.27879	286.4746	4453.248
665.6182	15.21901	444.1055	6363.045
665.9511	24.34285	689.6522	10034.37
666.2842	34.98777	1028.316	15541.9
666.6174	44.01868	1394.034	21165.59
666.9508	28.87944	1665.624	24042.67
667.2844	34.85412	1812.788	23135.86
667.6181	56.56014	1929.586	20201.77
667.952	57.24676	2046.333	17024.69
668.2861	54.96513	2056.955	13812.68
668.6204	50.63746	1880.41	10664.36
668.9548	33.84778	1549.474	8265.794
669.2893	30.30399	1153.587	6916.121
669.6241	35.60084	797.0223	6268.706
669.959	28.46722	564.695	6003.57
670.2941	21.62998	470.4867	6043.398
670.6293	19.47055	468.4444	6273.588
670.9647	17.43202	525.0515	6628.901
671.3003	15.60693	648.3951	7236.441
671.636	11.42264	837.4159	7943.766
671.9719	11.17687	1036.995	8148.234
672.308	15.6882	1179.305	7602.128
672.6443	32.86395	1275.468	6972.758
672.9807	79.24703	1539.741	7671.408
673.3173	190.3831	2541.314	11909.43
673.654	416.0142	5071.283	22397.2
673.991	748.3205	9138.237	39021.77
674.3281	1031.575	12824.14	54504.53
674.6653	1051.963	13398.75	58014.9
675.0027	784.2691	10351.5	46654.68
675.3403	429.3305	5995.305	28904.88
675.6781	177.291	2725.512	14769.03
676.016	60.30924	1109.753	7456.73
676.3542	22.03736	547.7229	4914.01
676.6924	14.04868	446.5783	4562.251
677.0309	17.3893	568.4427	5266.877
677.3695	27.65234	849.5461	6724.486
677.7083	40.6086	1166.801	8300.818
678.0472	48.51732	1312.516	8950.616
678.3863	45.37011	1174.909	8176.854
678.7256	33.04291	851.3554	6477.934
679.0651	19.09672	524.6735	4699.89
679.4047	9.365527	299.1919	3330.862
679.7445	4.579779	175.9329	2400.93
680.0845	2.715915	114.5434	1755.709
680.4246	2.004232	82.63982	1300.18
680.7649	1.555169	58.09659	870.2306
681.1054	1.445388	56.29171	868.3359
681.4461	1.41641	50.91583	934.7569
681.7869	1.31235	47.04222	1006.259
682.1279	1.214909	44.36716	1083.23
682.469	1.147091	45.35004	1166.088
682.8104	1.089317	54.82228	1255.285
683.1519	1.338978	66.27298	1351.304
683.4936	1.657028	80.99908	1825.197
683.8354	2.265655	127.5062	2106.18
684.1774	3.593062	190.4999	1685.722
684.5196	5.691252	271.453	1814.666
684.862	9.777714	171.0936	1953.474
685.2045	4.809625	206.8298	2102.9
685.5472	38.98655	1658.264	14014.1
685.8901	64.7065	2751.494	22981.3
686.2331	81.45421	3462.749	28749.06
686.5763	75.66935	3217.768	26772.99
686.9197	52.24542	2223.769	18682.71
687.2633	4.530282	1205.475	10245.88
687.607	3.290141	294.2589	2320.884
687.9509	7.14587	292.8863	2305.17
688.295	4.186745	291.5202	2442.052
688.6392	2.375924	295.1198	2301.342
688.9836	0.9153161	290.576	2257.261
689.3282	0.664753	286.7768	2258.021
689.673	0.4827802	283.5083	2228.182
690.0179	0.4132783	284.7844	2213.096
690.363	0.4324781	283.4561	2954.335
690.7083	0.4525699	282.1339	3436.936
691.0538	0.4735951	280.8179	3959.194
691.3994	0.495597	353.5618	4440.036
691.7452	0.5186212	371.9637	4632.537
692.0912	0.5427149	360.659	4264.131
692.4373	0.567928	328.8937	3382.346
692.7836	0.5943124	199.8994	2337.204
693.1301	0.6219226	175.3198	1470.714
693.4768	0.6508154	153.7625	951.0459
693.8236	0.6810506	134.856	793.0472
694.1706	0.7126903	206.0448	940.1892
694.5178	0.7458	103.7312	1316.687
694.8652	0.7804479	90.97641	1779.432
695.2127	0.8167054	79.78998	2072.931
695.5604	0.8546474	69.97903	1987.663
695.9083	0.894352	61.37443	1593.507
696.2563	1.022961	53.82785	1186.735
696.6046	1.629198	47.2092	954.5899
696.953	2.594711	41.40437	1203.255
697.3016	15.22294	51.72923	1713.758
697.6503	33.43399	139.6355	2435.53
697.9992	58.36984	252.29	3266.162
698.3483	83.2657	443.8791	2460.227
698.6976	26.58667	788.2283	6845.215
699.0471	42.34274	1380.369	11494.2
699.3967	129.4517	2198.234	18360.03
699.7465	139.6578	3052.886	25842.72
700.0964	146.9514	3806.009	32444.37
700.4466	152.2815	4455.947	37742.09
700.7969	154.2828	4816.868	40317.86
701.1474	147.4341	4481.844	37344.01
701.4981	129.1803	3395.087	28540.5
701.8489	104.0111	2109.909	18169.55
702.2	78.72479	1280.373	11478.75
702.5512	59.78701	1192.325	11110.46
702.9025	56.39055	1896.721	17733.96
703.2541	77.2286	3401.761	31166.14
703.6058	116.6031	5333.214	47752.29
703.9577	149.2513	6655.381	58727.85
704.3098	153.8977	6501.36	57235.31
704.6621	137.9853	5217.252	46301.61
705.0145	122.0894	3814.829	34118.27
705.3671	110.4595	2745.369	24463.93
705.7199	94.2665	1928.233	16975.34
706.0729	71.20994	1392.043	12061.08
706.426	48.64023	1244.752	10634.98
706.7793	34.44452	1375.027	11561.66
707.1328	31.88221	1536.432	12210.32
707.4865	41.02577	1610.789	11177.44
707.8403	59.79701	1659.849	9373.524
708.1943	81.97346	1749.796	8239.669
708.5485	98.22151	1829.63	7942.229
708.9029	102.3514	1808.435	7777.494
709.2575	94.76041	1669.57	7448.007
709.6122	78.92255	1456.272	7239.607
709.9671	58.21304	1211.622	7448.41
710.3222	37.14872	981.3015	8198.119
710.6774	20.97472	818.2361	9463.504
711.0329	10.25682	744.6498	10866.73
711.3885	7.325087	734.08	11713.31
711.7443	9.251074	759.9862	11612.44
712.1003	28.67014	878.401	11148.35
712.4564	64.14694	1329.875	12186.4
712.8128	148.6689	2654.426	17994.41
713.1693	325.2703	5582.185	32405.56
713.526	594.9778	10075.95	55085.43
713.8828	837.5477	14124.43	75820.28
714.2399	874.8815	14846.72	80113.35
714.5971	673.6035	11716.04	65096.49
714.9545	388.6536	7173.805	42999
715.3121	176.2399	3657.941	26556.46
715.6698	69.38179	1714.223	14377.07
716.0278	11.97889	819.5755	15610.89
716.3859	11.887	246.3907	14203.86
716.7442	16.95065	341.7394	13086.7
717.1027	46.14336	796.0299	12493.05
717.4613	91.98617	1573.118	12049.62
717.8201	190.9652	3331.154	11631.45
718.1792	70.08787	6820.966	37771.86
718.5383	669.949	11882.56	63869.02
718.8977	917.2391	16226.31	86905.65
719.2573	1001.402	17322.36	92981.43
719.617	1050.792	16698.12	87986.12
719.9769	1499.893	20626.09	100849.7
720.337	2735.136	34468.05	156111.7
720.6973	4493.007	54860.68	239194.5
721.0577	5666.862	68423.86	294018.8
721.4184	5262.154	63619.88	273821.8
721.7792	3576.217	43960.45	192870.4
722.1402	1810.919	23270.84	106953.4
722.5013	741.8208	10685.64	54760.9
722.8627	362.4468	6479.827	39851.34
723.2242	470.8507	8404.7	53932.92
723.5859	1121.968	16859.99	97504.62
723.9478	2521.716	33977.54	176191.6
724.3099	4513.442	57874.66	278116.7
724.6722	6271.393	79056.03	363033
725.0346	6830.092	86293.56	388076.4
725.3972	5910.434	75959.22	341806.3
725.76	4082.474	54219.41	249636.6
726.123	2252.046	31666.26	153343.3
726.4862	1016.781	15779.39	83012.68
726.8495	412.8819	7427.644	43243.09
727.2131	178.8877	3716.553	23442.66
727.5768	93.76746	2083.766	13633.73
727.9407	62.3463	1387.857	9008.463
728.3047	53.04534	1172.071	7277.58
728.669	53.57435	1182.479	6986.422
729.0334	57.03042	1257.888	7178.542
729.3981	60.95016	1337.796	7447.726
729.7629	65.92398	1439.667	7853.439
730.1279	72.90262	1598.587	8616.05
730.493	79.66566	1784.846	9664.704
730.8584	81.94767	1914.521	10658.64
731.2239	78.16483	1927.608	11294.25
731.5896	71.0996	1825.374	11381.52
731.9555	66.83636	1708.443	11177.47
732.3216	74.70144	1826.47	11974.95
732.6879	100.5725	2376.141	15047.05
733.0543	132.9422	3103.201	19219.91
733.421	147.6611	3408.081	21295.22
733.7878	137.6851	3088.015	20102.31
734.1548	121.4759	2598.401	17961.89
734.522	113.5056	2390.708	17135.31
734.8893	110.4542	2480.522	17391.08
735.2569	110.3379	2735.526	17556.55
735.6246	119.3196	3071.901	17114.72
735.9925	137.2881	3328.562	16036.11
736.3606	154.1663	3292.863	14405.06
736.7289	159.3901	2876.108	12327.14
737.0974	147.6079	2168.044	9866.422
737.466	119.4678	1376.636	7155.117
737.8349	81.85245	721.953	4541.959
738.2039	45.87675	316.4214	2485.493
738.5731	3.688493	130.1589	568.2846
738.9425	1.772223	67.62381	477.6529
739.3121	1.822517	71.1752	583.5398
739.6818	2.253568	88.51471	712.8998
740.0518	2.786569	110.0784	870.9367
740.4219	3.445631	177.9123	1064.007
740.7922	6.124447	315.9908	2087.2
741.1627	9.885057	482.6358	3159.681
741.5334	13.73548	627.5676	4117.162
741.9043	8.054993	327.4432	2370.156
742.2754	9.960113	407.214	2895.576
742.6466	12.31582	506.4184	3537.472
743.018	22.00301	917.7532	6451.541
743.3896	23.07908	947.7183	6758.274
743.7614	22.49463	894.2262	6371.017
744.1334	19.68755	749.7547	5285.32
744.5056	14.95178	546.2221	3822.177
744.878	9.53076	336.8072	2387.875
745.2505	5.072817	174.4756	1313.584
745.6232	1.127522	35.00056	443.5011
745.9962	1.467625	45.86156	539.3331
746.3693	1.910316	60.09284	655.8726
746.7426	4.141891	135.7316	1006.581
747.116	6.877595	226.0157	1528.466
747.4897	9.738668	320.2204	2068.065
747.8636	5.483591	177.1406	1434.396
748.2376	7.137646	232.109	1744.341
748.6118	14.97738	506.9992	3275.642
748.9862	15.88359	553.0287	3636.61
749.3608	15.93897	570.678	3774.68
749.7356	15.08116	545.4037	3551.171
750.1106	6.037118	488.1248	3053.836
750.4858	11.87311	423.6831	2531.417
750.8611	9.400298	180.2327	2157.865
751.2367	6.388403	304.7313	1899.294
751.6124	3.582669	230.9401	1646.064
751.9883	1.023612	150.716	1380.602
752.3644	0.7177881	84.73967	1149.724
752.7407	0.5033353	44.66742	980.9705
753.1172	0.3589252	33.79265	892.9848
753.4938	0.3597446	25.56547	782.3875
753.8707	0.3605659	22.45788	1033.077
754.2477	0.3613891	22.46557	1155.982
754.625	0.3622141	22.47326	1160.567
755.0024	0.3630411	22.48095	1029.569
755.38	0.3638699	22.48864	871.7767
755.7578	0.3647006	22.49634	782.1809
756.1358	0.3655332	22.50404	860.5468
756.514	0.3663677	22.51174	1010.126
756.8923	0.3672041	22.51945	1199.031
757.2709	0.3680425	24.16788	1110.017
757.6496	0.3688827	31.27848	1593.897
758.0285	0.4866071	40.48115	1741.88
758.4077	0.6968923	52.3914	1771.626
758.787	0.9980514	67.80586	1697.242
759.1665	3.451503	185.5238	1586.774
759.5462	6.331539	285.3755	1737.125
759.9261	9.560181	372.4023	1986.364
760.3061	12.2983	190.2374	2334.05
760.6864	6.01297	246.2085	2750.462
761.0668	15.90678	529.7346	3236.748
761.4475	16.99546	574.9194	3679.704
761.8283	17.18952	589.4748	3811.996
762.2093	16.57923	563.2878	3467.935
762.5906	16.48361	521.4962	2833.52
762.972	16.52656	509.5101	2328.182
763.3536	18.38288	533.6886	2272.665
763.7353	21.16037	610.1742	2711.573
764.1173	24.0303	710.5089	3463.761
764.4995	22.34451	812.0716	4308.306
764.8819	23.74622	734.6379	5115.372
765.2644	31.28993	967.1431	5728.509
765.6471	32.33807	956.5713	5856.273
766.0301	31.4863	851.6982	5350.305
766.4132	29.45001	695.2255	4470.343
766.7965	22.71433	553.7666	3632.198
767.18	21.44122	461.0791	3053.954
767.5637	23.50586	398.4222	2582.953
767.9476	20.65857	404.6926	2635.669
768.3317	17.66558	414.0487	2646.657
768.716	15.43259	433.3509	2722.183
769.1004	16.06932	458.5972	2857.883
769.4851	15.16866	437.5516	2720.997
769.87	15.48181	534.2536	3398.698
770.255	16.23993	561.9674	3612.778
770.6402	16.16021	548.658	3524.12
771.0257	15.274	491.8639	3132.005
771.4113	13.18314	418.9162	2659.92
771.7971	13.11309	361.8954	2338.113
772.1831	13.2086	335.7326	2240.667
772.5693	13.00639	333.0395	2275.086
772.9557	12.91411	339.2641	2317.244
773.3423	12.83663	357.1761	2400.807
773.7291	12.76843	410.4748	2740.359
774.1161	16.63034	526.063	3574.082
774.5032	21.68557	719.8482	5006.873
774.8906	29.03068	975.4652	6827.01
775.2782	36.43329	1212.567	8354.15
775.6659	40.7971	1310.548	8757.06
776.0539	41.10912	1212.268	7814.351
776.442	30.1613	985.8653	6169.677
776.8303	27.48285	757.8733	4693.368
777.2189	33.55079	605.3441	3770.516
777.6076	29.12849	522.2143	3223.773
777.9965	23.5214	470.0182	2767.917
778.3856	18.24538	432.6104	2398.033
778.7749	17.26317	416.1178	2290.279
779.1644	15.73013	424.3778	2499.884
779.5541	14.33323	450.4174	2889.273
779.944	13.23142	473.8129	3244.352
780.3341	12.65982	463.0144	3355.504
780.7243	11.1223	397.952	3106.595
781.1148	9.210419	291.8404	2577.227
781.5055	2.903083	180.1137	1990.04
781.8964	6.190772	93.1977	1536.364
782.2874	4.694672	41.76532	1271.853
782.6787	3.056198	18.93975	1154.648
783.0701	1.643557	11.59854	1138.287
783.4618	0.5276377	10.00225	1198.111
783.8536	0.3751726	10.69035	1282.604
784.2457	0.2667635	11.50772	1299.829
784.6379	0.1967378	12.38759	1201.465
785.0303	0.2094176	13.33473	1043.55
785.4229	0.2229147	14.35428	974.5563
785.8158	0.2372816	15.45179	1048.782
786.2088	0.2525745	16.63321	1128.661
786.602	0.268853	17.90497	1067.029
786.9954	0.2861807	19.27396	1340.562
787.389	0.3046251	20.74762	1681.483
787.7828	0.3242583	22.33395	1985.111
788.1768	0.3451569	24.04158	1629.127
788.571	0.3674024	25.87977	1753.208
788.9654	0.3910816	27.8585	1886.738
789.36	0.416287	140.6448	3198.42
789.7548	0.4476606	261.017	4316.462
790.1498	0.5003402	402.3125	5661.049
790.545	0.5704726	501.7301	6510.137
790.9404	0.695974	520.3171	6360.455
791.336	1.032928	490.9942	5602.474
791.7318	0.7399331	489.8903	5241.306
792.1277	4.84566	560.5233	5860.86
792.5239	10.15673	676.1168	7007.487
792.9203	17.79401	784.0212	7777.998
793.3169	26.38179	887.0524	8020.106
793.7136	35.02207	1054.296	8531.764
794.1106	44.53997	1341.124	9884.704
794.5078	55.08902	1706.165	11526.7
794.9052	61.9824	2002.352	12430.37
795.3027	58.66791	2086.245	12399.89
795.7005	46.25718	1967.247	12187.56
796.0985	35.17762	1817.06	12402.99
796.4966	38.27885	1885.371	13459.68
796.895	68.40048	2493.697	17037.98
797.2935	131.6451	3841.503	25153.99
797.6923	206.302	5456.932	35682.62
798.0913	242.8501	6187.145	41698.48
798.4904	213.2065	5394.634	39030.12
798.8898	145.684	3810.158	31622.43
799.2893	87.31461	2577.986	25825.48
799.6891	54.89664	1999.427	22929.59
800.0891	39.06599	1693.585	20265.93
800.4892	30.50913	1389.581	16314.09
800.8896	29.1307	1163.107	12264.12
801.2901	41.82087	1261.712	10467.98
801.6909	77.87503	1934.941	12771.04
802.0919	134.1138	3114.682	18596.86
802.493	180.4779	4113.278	23763.95
802.8944	180.4183	4093.046	23512.03
803.2959	133.6094	3031.434	17701.5
803.6977	76.00627	1728.379	10629.17
804.0997	37.05712	847.7783	5853.339
804.5018	19.37279	452.4153	3748.036
804.9042	14.5224	352.0846	3358.412
805.3068	19.60827	479.9087	4405.885
805.7095	39.77883	954.6246	7580.685
806.1125	80.31608	1904.278	13452.59
806.5157	132.4096	3135.219	20611.96
806.9191	169.088	4022.339	25319.23
807.3226	167.3506	4013.562	24632.64
807.7264	133.2116	3226.07	19616.28
808.1304	92.64698	2252.077	13822.43
808.5346	63.70365	1521.106	9572.834
808.9389	48.14998	1111.256	7141.942
809.3435	40.93954	940.4075	6043.403
809.7483	36.87977	879.4954	5614.929
810.1533	32.09931	797.1221	5127.488
810.5585	25.6394	643.941	4254.924
810.9639	19.50094	468.4002	3249.388
811.3695	15.78847	332.1692	2497.057
811.7753	14.74477	257.9487	2178.541
812.1813	15.6657	255.9237	2355.985
812.5875	18.10869	339.7161	3041.394
812.9939	21.4788	490.3853	4013.209
813.4005	24.26899	633.7855	4718.48
813.8074	24.94723	695.034	4648.495
814.2144	23.45377	667.161	3832.802
814.6216	13.13231	392.3967	2777.764
815.029	17.40068	498.21	1983.657
815.4367	13.37727	388.7329	1656.443
815.8445	9.2727	278.0784	1750.502
816.2525	6.093057	192.1743	2092.19
816.6608	4.877599	163.9931	2441.329
817.0692	4.001097	137.7354	2571.653
817.4779	3.328992	112.2465	2416.346
817.8867	3.393823	103.6508	2125.225
818.2958	3.459917	93.79708	1936.063
818.7051	3.527298	80.85435	2009.268
819.1145	3.595991	74.90023	2327.93
819.5242	3.666022	75.7289	2677.094
819.9341	3.737417	76.56673	2792.38
820.3442	3.810203	77.41382	2594.8
820.7545	3.884405	78.2703	2218.494
821.165	3.960053	79.13624	1840.361
821.5757	4.037174	80.01177	1578.923
821.9866	4.115797	80.89698	1488.394
822.3977	4.195951	81.79199	1543.985
822.809	4.277666	82.6969	1663.794
823.2205	4.360972	83.61182	1800.736
823.6322	4.445901	84.53687	1961.759
824.0442	4.532484	85.47214	2095.055
824.4563	4.620753	86.41777	2063.281
824.8687	4.710741	87.37386	1810.804
825.2812	4.802481	88.34052	1460.179
825.694	4.896008	89.31788	1180.192
826.1069	4.991357	90.30605	1038.231
826.5201	5.088562	91.30516	1004.928
826.9335	5.187661	92.31532	1026.834
827.3471	5.288689	93.33665	1064.88
827.7609	5.391685	101.8717	1097.934
828.1749	6.18168	115.6466	1125.21
828.5891	8.792429	136.3086	1191.898
829.0035	14.30673	186.7323	1453.223
829.4181	27.35039	290.5679	2208.64
829.8329	55.21201	504.3111	3737.639
830.248	100.1886	849.9312	5899.263
830.6632	145.2512	1198.59	7905.641
831.0787	160.0608	1315.005	8778.417
831.4943	136.5804	1135.729	8223.434
831.9102	105.5711	901.6236	6962.377
832.3263	110.3186	952.8022	6226.787
832.7425	172.4531	1456.359	6876.515
833.159	269.9976	2232.366	8590.08
833.5757	340.6218	2786.121	9902.236
833.9926	343.3182	2798.518	9801.908
834.4098	326.034	2650.137	9382.694
834.8271	398.9338	3197.378	11216.12
835.2446	656.1737	5145.627	17509.89
835.6624	1141.476	8780.801	29211.93
836.0803	1802.626	13665.26	44971.59
836.4985	2484.446	18602.72	61013.38
836.9168	3194.951	23539.43	76688.5
837.3354	4289.845	30892.37	98370.02
837.7542	5873.38	41411.77	128043.7
838.1732	7131.641	49653.3	150907.3
838.5924	7055.936	48958.02	148809.2
839.0118	5779.237	40368.35	124394.5
839.4315	4395.502	31214.25	97683.07
839.8513	3604.93	26044.04	81704.95
840.2713	3400.549	24727.76	76840.93
840.6916	3738.072	27003.97	82717.59
841.1121	4524.236	32277.87	97928.28
841.5327	5425.212	38156.23	116641.3
841.9536	6560.292	45046.41	141304.6
842.3747	8756.949	57953.52	186583.4
842.796	12234.06	78211.94	254778.5
843.2175	15492.87	96914.65	316928.6
843.6393	16155.25	100393.3	330767.5
844.0612	13213.94	83129.62	280287
844.4834	8290.781	54474.63	194142.3
844.9057	4029.178	29573.18	117643.6
845.3283	1656.77	15571.63	72563.38
845.7511	746.2582	10053.84	52692.33
846.1741	489.1607	8404.902	45222.45
846.5973	424.496	7942.471	42278.05
847.0207	380.1274	7321.985	38670.2
847.4443	306.2712	5925.447	31395.67
847.8682	216.5662	4123.65	22201.52
848.2922	150.4807	2769.901	15321.2
848.7165	124.0945	2221.981	12572.85
849.141	123.3667	2205.025	12497.26
849.5657	123.7411	2229.762	12519.13
849.9906	110.6824	2007.044	11212.16
850.4157	93.96397	1724.689	9657.574
850.841	99.91285	1900.951	10572.77
851.2666	142.4709	2810.475	15297.38
851.6923	200.165	4007.098	21389.08
852.1183	229.1387	4585.453	24150.57
852.5445	209.2859	4138.098	21601.62
852.9709	163.6046	3167.226	16464.41
853.3975	124.4038	2377.193	12453.03
853.8243	104.7692	2047.6	10984.43
854.2513	104.344	2146.595	11709.8
854.6786	116.2417	2507.982	13571.63
855.1061	126.7354	2823.516	14983.43
855.5337	125.088	2821.283	14745.71
855.9616	114.8893	2544.86	13197.72
856.3897	105.701	2256.321	11566.08
856.818	98.87737	2106.344	10457.66
857.2466	91.02712	2082.537	9801.806
857.6753	82.32969	2128.647	9458.312
858.1043	73.45495	2134.494	9076.249
858.5335	64.6368	1986.258	8222.076
858.9628	59.41093	1712.351	7006.284
859.3925	59.92529	1439.943	5903.936
859.8223	62.02475	1232.638	5093.907
860.2523	60.97909	1076.019	4475.423
860.6826	57.19542	960.1354	4040.407
861.113	53.02352	882.2312	3826.122
861.5437	48.33873	808.9967	3710.985
861.9746	41.8224	698.6365	3523.075
862.4057	33.73939	545.7198	3231.364
862.837	25.46208	380.3893	2919.144
863.2686	17.94592	240.9907	2662.879
863.7003	11.85489	154.0038	2237.069
864.1323	7.963634	120.3764	2343.075
864.5645	4.596869	154.7738	2196.456
864.9969	6.746243	231.7913	2043.724
865.4295	20.51759	350.4897	1977.664
865.8624	43.45255	547.758	1896.429
866.2954	96.38768	315.1921	1834.797
866.7287	207.2961	2016.713	6940.537
867.1622	382.633	3691.066	12396.62
867.5959	561.6596	5435.392	18029.16
868.0298	642.3264	6231.116	20749.19
868.4639	581.1911	5627.333	19331.15
868.8983	433.259	4165.587	15450.01
869.3329	281.0996	2677.776	11530.46
869.7677	165.2878	1570.008	8730.991
870.2027	88.32157	863.4399	7032.983
870.6379	43.30146	506.808	5418.826
871.0733	21.89617	463.385	5596.766
871.509	14.51511	667.1965	5314.428
871.9449	14.92936	1001.939	5165.538
872.381	23.02646	1331.444	5203.563
872.8173	40.06861	1547.999	5456.81
873.2538	60.1524	1580.07	5720.678
873.6906	69.51263	1393.133	5574.665
874.1276	60.32705	1058.892	4819.139
874.5647	40.70226	772.7511	3831.106
875.0022	25.1234	714.2109	3233.526
875.4398	21.80277	906.6326	3304.625
875.8776	31.76166	1234.068	3855.29
876.3157	49.79379	1546.359	4468.291
876.754	63.56044	1731.94	4701.529
877.1925	61.89733	1749.07	4296.351
877.6312	46.65708	1627.705	3396.419
878.0701	29.04664	445.1887	2434.388
878.5093	16.42919	1119.443	933.9151
878.9487	8.94224	765.6468	1250.847
879.3883	4.648593	429.537	895.2645
879.8281	1.758431	62.39203	600.359
880.2681	1.202475	38.17468	391.9021
880.7084	1.081348	23.35724	294.2827
881.1489	1.080435	18.53636	233.591
881.5896	1.079523	18.64052	231.5793
882.0305	1.078611	18.74526	239.2725
882.4717	1.077701	18.85058	247.2213
882.913	1.076791	18.9565	255.4342
883.3546	1.075882	19.06302	263.9199
883.7964	1.074974	19.17013	272.6875
884.2384	1.074066	19.27785	281.7464
884.6807	1.073159	19.38617	291.1062
885.1231	1.072253	19.4951	300.777
885.5658	1.071348	19.60464	310.769
886.0087	1.070443	19.7148	321.093
886.4519	1.06954	19.82558	331.7599
886.8952	1.068637	19.93698	320.4703
887.3388	1.067734	20.049	303.5961
887.7826	1.066833	20.16166	287.6104
888.2266	1.065932	20.27494	272.4665
888.6709	1.065032	20.38887	258.1199
889.1153	1.064133	20.50343	244.5288
889.56	1.063235	20.61864	231.6532
890.0049	1.062337	20.7345	219.4557
890.45	1.06144	20.851	207.9004
890.8954	1.060544	20.96816	196.9535
891.341	1.059649	21.08598	186.583
891.7868	1.058754	21.20446	176.7586
892.2328	1.05786	21.32361	202.3232
892.679	1.056967	21.44343	244.2491
893.1255	1.056075	21.56392	309.0072
893.5722	1.055183	21.68508	448.9845
894.0191	1.054292	21.80693	622.3896
894.4662	1.053402	22.60605	798.6651
894.9136	1.052513	24.75273	626.2822
895.3612	1.051624	27.73804	1145.552
895.809	1.050736	32.52634	1248.9
896.257	1.049849	43.80526	1220.874
896.7053	1.048963	34.82634	1171.54
897.1538	11.12661	202.2487	1518.161
897.6025	31.59039	544.4014	3010.168
898.0514	74.61859	1265.004	6385.842
898.5006	135.5866	2286.201	11190.91
898.9499	182.8379	3077.96	14892.05
899.3995	180.898	3046.691	14720.68
899.8494	132.9346	2242.164	10869.7
